name	lig_cov	poc_cov	lig_name	4A_crit	volume	surface	depth	surf/vol	ell c/a	ell b/a	siteAtms	accept	donor	hydrophobicity	metal	Cs	Ns	Os	Ss	Xs	negAA	posAA	polarAA	apolarAA	ALA	ARG	ASN	ASP	CYS	GLN	GLU	GLY	HIS	ILE	LEU	LYS	MET	PHE	PRO	SER	THR	TRP	TYR	VAL	simpleScore	drugScore
8sgj_P_0	0.0	0.0		0	1143.23	1432.09	25.86	1.25267006639084	0.12	0.38	264	80	31	0.28	0	179	33	52	0	0	0.29	0.16	0.2	0.35	3	3	3	7	0	1	9	2	1	5	4	5	1	3	2	2	1	0	2	1	0.6	0.80414
8sgj_P_1	0.0	0.0		0	1022.03	1076.22	27.75	1.0530219269493069	0.15	0.56	268	84	11	0.3	0	193	30	43	2	0	0.11	0.09	0.28	0.53	9	2	3	3	1	1	3	3	2	5	6	1	1	2	0	2	4	1	2	6	0.61	0.814287
8sgj_P_2	0.0	0.0		0	686.75	826.21	17.47	1.2030724426647252	0.26	0.73	136	44	5	0.38	0	94	16	24	2	0	0.13	0.07	0.27	0.53	6	1	1	2	0	2	2	1	0	2	1	1	2	1	1	4	0	1	0	2	0.45	0.809774
8sgj_P_3	0.0	0.0		0	537.44	657.32	16.6	1.2230574575766595	0.1	0.48	135	44	9	0.37	0	92	16	27	0	0	0.26	0.19	0.3	0.26	0	1	1	3	0	1	4	1	0	4	0	4	0	1	0	1	1	0	3	2	0.34	0.7427729999999999
8sgj_P_4	0.0	0.0		0	517.87	634.08	11.68	1.2243999459323769	0.13	0.4	91	28	15	0.37	0	60	14	16	1	0	0.09	0.13	0.48	0.3	0	3	1	0	1	2	2	1	0	1	1	0	1	0	1	2	4	0	0	3	0.32	0.622482
8sgj_P_5	0.0	0.0		0	506.63	769.0	19.85	1.5178730039673924	0.14	0.21	132	51	16	0.28	0	83	20	28	1	0	0.14	0.18	0.43	0.25	2	0	0	3	2	0	1	5	2	1	3	3	0	0	0	2	2	0	1	1	0.28	0.795941
8sgj_P_6	0.0	0.0		0	457.83	565.23	20.85	1.2345848895878384	0.09	0.2	153	50	11	0.14	0	106	15	32	0	0	0.09	0.0	0.4	0.51	3	0	0	1	0	0	2	4	0	3	2	0	0	1	2	7	2	1	1	6	0.19	0.821576
8sgj_P_7	0.0	0.0		0	339.33	475.99	16.38	1.4027348009312472	0.1	0.43	93	20	3	0.62	0	74	7	12	0	0	0.05	0.0	0.23	0.73	1	0	0	0	0	0	1	1	0	1	3	0	1	3	2	2	2	0	0	5	0.27	0.706929
8sgj_P_8	0.0	0.0		0	293.0	429.66	16.24	1.4664163822525598	0.06	0.18	74	11	3	0.73	0	57	7	9	1	0	0.0	0.0	0.22	0.78	1	0	1	0	0	0	0	1	0	4	4	0	1	2	0	1	1	2	0	0	0.27	0.6775909999999999
8sgj_P_9	0.0	0.0		0	225.54	288.27	13.17	1.2781324820430966	0.21	0.33	79	22	9	0.26	0	55	11	11	2	0	0.06	0.19	0.44	0.31	0	1	0	1	2	1	0	0	1	1	0	1	0	0	3	0	1	1	3	0	0.01	0.5
8sgj_P_10	0.0	0.0		0	193.39	436.4	10.39	2.256579967940432	0.26	0.52	48	16	12	0.3	0	30	11	7	0	0	0.27	0.45	0.0	0.27	0	3	0	0	0	0	3	0	1	1	0	1	0	0	0	0	0	0	0	2	0.0	0.351714
8sgj_P_11	0.0	0.0		0	178.55	282.87	9.18	1.5842621114533744	0.5	0.86	46	14	4	0.33	0	36	3	7	0	0	0.27	0.09	0.09	0.55	0	0	0	0	0	0	3	0	0	0	2	1	1	1	0	0	1	0	0	2	0.0	0.335306
8sgj_P_12	0.0	0.0		0	149.31	331.95	9.92	2.2232268434800084	0.11	0.19	34	14	9	0.18	0	20	7	7	0	0	0.18	0.36	0.36	0.09	1	2	0	1	0	1	1	0	1	0	0	1	0	0	0	1	1	0	1	0	0.0	0.259732
8sgj_P_13	0.0	0.0		0	136.27	227.5	7.55	1.6694797094004548	0.38	0.59	41	12	6	0.25	0	29	5	7	0	0	0.1	0.2	0.6	0.1	0	1	0	0	0	0	1	0	0	0	0	1	0	0	1	3	0	0	3	0	0.0	0.174426
8sgj_P_14	0.0	0.0		0	125.03	229.37	7.98	1.834519715268336	0.59	0.71	42	10	5	0.4	0	30	7	5	0	0	0.2	0.1	0.1	0.6	2	0	0	0	0	1	2	0	1	0	0	0	0	1	0	0	0	0	0	3	0.0	0.251361
8sgj_P_15	0.0	0.0		0	123.68	263.84	6.46	2.1332470892626128	0.54	0.84	30	12	3	0.25	0	20	4	6	0	0	0.29	0.29	0.14	0.29	2	1	0	0	0	1	2	0	0	0	0	1	0	0	0	0	0	0	0	0	0.0	0.166521
8sgj_P_16	0.0	0.0		0	123.23	206.81	8.87	1.6782439341069544	0.54	0.74	36	14	6	0.09	0	24	5	7	0	0	0.0	0.27	0.36	0.36	1	1	0	0	0	1	0	2	0	1	1	2	1	0	0	0	1	0	0	0	0.0	0.253879
8sgj_P_17	0.0	0.0		0	117.83	242.14	9.63	2.054994483578036	0.29	0.38	51	12	7	0.39	0	36	8	7	0	0	0.08	0.08	0.38	0.46	1	1	1	1	0	0	0	2	0	1	1	0	0	0	0	1	1	0	0	3	0.0	0.290106
8sgj_P_18	0.0	0.0		0	117.83	87.07	14.43	0.7389459390647543	0.09	0.14	69	6	2	0.38	0	54	6	9	0	0	0.06	0.0	0.24	0.71	1	0	0	0	0	0	1	2	0	2	1	0	0	3	0	1	1	3	0	2	0.0	0.490884
8sgj_P_19	0.0	0.0		0	113.56	302.99	8.79	2.668104966537513	0.26	0.28	39	16	6	0.29	0	27	4	8	0	0	0.5	0.12	0.25	0.12	0	0	0	0	0	0	4	0	0	1	0	1	0	0	0	0	1	0	1	0	0.0	0.203442
8sgj_P_20	0.0	0.0		0	107.49	200.63	6.61	1.8664992092287656	0.39	0.72	21	6	1	0.65	0	17	2	2	0	0	0.0	0.12	0.25	0.62	1	1	0	0	0	0	0	0	0	1	2	0	0	0	0	0	1	0	1	1	0.0	0.19667
AF-A0A1D8PQM9-F1_P_0	0.0	0.0		0	1078.5	1113.2	28.85	1.0321743161798795	0.11	0.24	252	73	37	0.3	0	161	47	40	4	0	0.1	0.2	0.36	0.34	2	5	3	2	2	2	3	3	3	1	5	2	2	3	4	3	2	0	3	0	0.61	0.803655
AF-A0A1D8PQM9-F1_P_1	0.0	0.0		0	1073.61	1345.43	22.99	1.2531831857005804	0.07	0.14	247	73	37	0.34	0	171	37	38	1	0	0.06	0.17	0.35	0.42	1	5	2	0	0	2	3	2	1	4	5	2	1	3	1	4	4	1	3	4	0.62	0.807342
AF-A0A1D8PQM9-F1_P_2	0.0	0.0		0	499.91	590.23	19.97	1.1806725210537896	0.12	0.24	116	39	15	0.3	0	72	20	22	2	0	0.17	0.24	0.34	0.24	0	3	4	2	1	0	3	3	0	1	2	4	1	0	1	1	1	1	0	1	0.28	0.79594
AF-A0A1D8PQM9-F1_P_3	0.0	0.0		0	457.56	907.9	22.37	1.9842206486581	0.08	0.14	120	34	10	0.52	0	83	17	20	0	0	0.08	0.12	0.32	0.48	1	0	0	1	0	2	1	3	0	2	2	3	0	1	3	1	2	1	0	2	0.33	0.839885
AF-A0A1D8PQM9-F1_P_4	0.0	0.0		0	399.03	617.95	14.64	1.5486304287898156	0.1	0.19	76	32	11	0.36	0	50	10	16	0	0	0.1	0.05	0.45	0.4	2	1	1	0	0	1	2	1	0	1	1	0	0	2	2	4	1	0	1	0	0.22	0.6673279999999999
AF-A0A1D8PQM9-F1_P_5	0.0	0.0		0	377.57	675.62	10.6	1.7893900468787245	0.16	0.47	73	22	10	0.46	0	48	13	12	0	0	0.14	0.43	0.21	0.21	0	2	0	2	0	0	0	0	0	0	1	4	0	0	1	2	0	0	1	1	0.24	0.48345
AF-A0A1D8PQM9-F1_P_6	0.0	0.0		0	361.76	467.66	15.01	1.2927355152587352	0.22	0.27	128	29	15	0.25	0	91	19	17	1	0	0.08	0.08	0.31	0.54	1	1	2	0	0	0	2	1	0	4	1	1	1	2	4	1	3	0	1	1	0.15	0.67743
AF-A0A1D8PQM9-F1_P_7	0.0	0.0		0	356.3	593.94	10.3	1.6669660398540558	0.14	0.2	58	24	10	0.42	0	40	6	12	0	0	0.08	0.08	0.54	0.31	1	0	1	1	0	0	0	0	0	1	1	1	0	0	0	2	3	0	1	1	0.21	0.481811
AF-A0A1D8PQM9-F1_P_8	0.0	0.0		0	313.2	488.18	9.61	1.5586845466155812	0.2	0.3	71	24	7	0.5	0	51	8	12	0	0	0.06	0.06	0.35	0.53	1	1	1	0	0	1	1	2	0	1	2	0	2	3	0	1	0	0	1	0	0.2	0.4659970000000001
AF-A0A1D8PQM9-F1_P_9	0.0	0.0		0	299.27	540.73	9.31	1.8068299528853544	0.2	0.52	61	18	9	0.43	0	47	5	9	0	0	0.18	0.36	0.18	0.27	0	0	1	0	0	0	2	0	2	2	0	2	0	0	1	0	0	0	1	0	0.15	0.391069
AF-A0A1D8PQM9-F1_P_10	0.0	0.0		0	272.92	494.72	13.08	1.8126923640627288	0.14	0.17	47	16	9	0.42	0	34	5	8	0	0	0.25	0.33	0.08	0.33	0	2	0	1	0	0	2	0	0	1	2	2	0	1	0	1	0	0	0	0	0.12	0.5334439999999999
AF-A0A1D8PQM9-F1_P_11	0.0	0.0		0	252.03	411.72	11.42	1.6336150458278778	0.25	0.54	66	18	6	0.49	0	44	11	10	1	0	0.06	0.19	0.31	0.44	1	2	0	0	2	0	1	1	1	0	1	0	0	0	1	0	2	0	0	4	0.13	0.470913
AF-A0A1D8PQM9-F1_P_12	0.0	0.0		0	250.33	496.56	8.79	1.9836216194623093	0.12	0.15	56	16	10	0.42	0	36	11	9	0	0	0.15	0.08	0.46	0.31	0	1	1	0	0	0	2	2	0	0	1	0	1	1	0	1	2	0	0	1	0.1	0.341431
AF-A0A1D8PQM9-F1_P_13	0.0	0.0		0	217.39	325.73	8.52	1.4983669902019414	0.27	0.61	52	17	12	0.29	0	33	11	7	1	0	0.08	0.0	0.62	0.31	0	0	3	0	0	0	1	1	0	1	1	0	1	0	1	2	2	0	0	0	0.01	0.305185
AF-A0A1D8PQM9-F1_P_14	0.0	0.0		0	216.64	260.95	12.38	1.2045328655834564	0.19	0.34	62	15	8	0.21	0	42	10	10	0	0	0.23	0.15	0.15	0.46	0	1	1	2	0	1	1	0	1	2	1	0	1	0	0	0	0	1	0	1	0.0	0.483236
AF-A0A1D8PQM9-F1_P_15	0.0	0.0		0	206.48	231.91	10.78	1.123159628051143	0.31	0.5	48	5	8	0.46	0	35	7	4	2	0	0.0	0.36	0.09	0.55	0	3	0	0	0	0	0	0	0	1	1	1	2	0	2	0	0	0	1	0	0.06	0.421362
AF-A0A1D8PQM9-F1_P_16	0.0	0.0		0	205.16	379.64	13.08	1.8504581789822576	0.1	0.2	76	23	11	0.29	0	49	14	12	1	0	0.06	0.24	0.41	0.29	0	2	1	1	0	2	0	0	0	0	2	2	1	0	2	0	2	0	2	0	0.0	0.475862
AF-A0A1D8PQM9-F1_P_17	0.0	0.0		0	199.14	404.85	13.6	2.0329918650195844	0.17	0.31	81	26	7	0.42	0	56	9	13	3	0	0.12	0.24	0.29	0.35	2	4	0	1	3	0	1	0	0	0	1	0	0	0	0	1	0	1	1	2	0.04	0.5
AF-A0A1D8PQM9-F1_P_18	0.0	0.0		0	188.22	564.04	10.95	2.9967059823610667	0.16	0.26	64	28	8	0.41	0	46	6	12	0	0	0.08	0.08	0.42	0.42	1	0	1	0	0	0	1	1	0	1	2	1	0	1	0	2	0	0	1	0	0.02	0.394655
AF-A0A1D8PQM9-F1_P_19	0.0	0.0		0	183.7	343.19	13.49	1.8682090364725097	0.11	0.26	76	26	7	0.34	0	52	11	13	0	0	0.06	0.12	0.24	0.59	1	0	1	1	0	0	0	1	0	1	1	2	0	2	2	0	0	0	2	3	0.0	0.5100680000000001
AF-A0A1D8PQM9-F1_P_20	0.0	0.0		0	177.49	293.24	8.36	1.6521494168685558	0.43	0.86	47	16	4	0.26	0	32	7	8	0	0	0.11	0.22	0.33	0.33	0	0	1	0	0	0	1	0	2	0	1	0	0	1	0	1	0	0	1	1	0.0	0.272985
AF-A0A1D8PQM9-F1_P_21	0.0	0.0		0	176.74	325.44	11.81	1.84134887405228	0.19	0.26	53	22	10	0.16	0	32	9	12	0	0	0.36	0.09	0.36	0.18	1	1	2	2	0	0	2	0	0	0	0	0	0	0	1	0	1	0	1	0	0.0	0.375154
AF-A0A1D8PQM9-F1_P_22	0.0	0.0		0	174.86	318.41	7.07	1.8209424682603224	0.35	0.54	25	10	3	0.48	0	18	1	6	0	0	0.22	0.11	0.22	0.44	0	0	0	1	0	1	1	0	0	2	0	1	1	0	1	1	0	0	0	0	0.03	0.243441
AF-A0A1D8PQM9-F1_P_23	0.0	0.0		0	172.97	371.51	13.34	2.1478291033127133	0.11	0.18	49	14	7	0.38	0	32	8	9	0	0	0.08	0.15	0.38	0.38	0	0	1	0	0	0	1	1	0	0	2	2	0	0	1	2	1	0	0	2	0.0	0.475628
AF-A0A1D8PQM9-F1_P_24	0.0	0.0		0	153.59	270.0	8.77	1.7579269483690343	0.25	0.46	44	16	5	0.22	0	29	7	8	0	0	0.07	0.21	0.29	0.43	0	0	1	1	0	0	0	1	2	0	2	1	0	2	1	1	0	0	1	1	0.0	0.28365100000000004
AF-A0A1D8PQM9-F1_P_25	0.0	0.0		0	144.93	209.27	7.98	1.4439384530462982	0.5	0.59	52	14	2	0.38	0	35	7	9	1	0	0.0	0.15	0.54	0.31	1	0	2	0	1	1	0	2	0	0	0	2	0	1	1	0	0	1	1	0	0.0	0.230693
AF-A0A1D8PQM9-F1_P_26	0.0	0.0		0	138.72	335.02	7.79	2.415080738177624	0.31	0.4	39	4	2	0.79	0	31	4	4	0	0	0.0	0.29	0.14	0.57	0	1	0	0	0	0	0	1	0	0	2	1	0	0	1	0	0	1	0	0	0.11	0.254091
AF-A0A1D8PQM9-F1_P_27	0.0	0.0		0	130.62	322.16	10.09	2.4663910580309296	0.14	0.26	40	12	6	0.44	0	28	5	7	0	0	0.11	0.33	0.33	0.22	1	0	1	0	0	0	1	1	1	1	0	2	0	0	0	1	0	0	0	0	0.0	0.280262
AF-A0A1D8PQM9-F1_P_28	0.0	0.0		0	123.66	258.83	7.73	2.0930777939511565	0.33	0.61	35	12	5	0.29	0	27	3	5	0	0	0.12	0.38	0.25	0.25	0	1	1	0	0	0	1	0	1	0	0	1	0	2	0	0	0	0	1	0	0.0	0.198289
AF-A0A1D8PQM9-F1_P_29	0.0	0.0		0	113.68	288.26	9.08	2.5357142857142856	0.27	0.42	35	6	4	0.66	0	26	4	5	0	0	0.11	0.11	0.22	0.56	0	0	0	1	0	0	0	1	0	0	3	1	0	1	1	0	0	0	1	0	0.01	0.27615
AF-A0A1D8PQM9-F1_P_30	0.0	0.0		0	113.12	355.63	7.73	3.143829561527581	0.41	0.68	40	14	5	0.34	0	30	4	6	0	0	0.29	0.14	0.29	0.29	0	0	0	1	0	0	1	1	0	0	1	1	0	1	0	1	0	0	0	0	0.0	0.196814
AF-A0A1D8PQM9-F1_P_31	0.0	0.0		0	109.54	298.73	9.21	2.727131641409531	0.24	0.44	42	9	3	0.56	0	32	3	7	0	0	0.27	0.18	0.18	0.36	0	0	0	3	0	0	0	1	0	0	1	2	0	2	0	1	0	0	0	1	0.0	0.254924
AF-A0A1D8PQM9-F1_P_32	0.0	0.0		0	102.77	228.36	9.04	2.222049236158412	0.32	0.51	44	18	5	0.3	0	30	5	9	0	0	0.0	0.17	0.42	0.42	0	1	0	0	0	0	0	2	0	1	2	1	1	0	0	1	2	0	0	1	0.0	0.250966
AF-A0A1D8PQM9-F1_P_33	0.0	0.0		0	100.32	228.22	7.79	2.2749202551834133	0.36	0.6	42	12	0	0.48	0	30	5	7	0	0	0.2	0.3	0.2	0.3	0	0	0	2	0	0	0	2	0	1	2	3	0	0	0	0	0	0	0	0	0.0	0.192262
7l6r_P_0	0.0	0.0		0	611.46	968.35	18.63	1.5836685964740134	0.07	0.31	147	44	26	0.48	0	100	23	23	1	0	0.24	0.17	0.45	0.14	0	0	2	3	1	0	4	1	1	0	1	4	0	2	0	4	3	0	2	1	0.44	0.770255
7l6r_P_1	0.0	0.0		0	495.81	689.93	15.98	1.3915209455234867	0.07	0.26	125	47	16	0.28	0	78	22	23	2	0	0.14	0.03	0.41	0.41	2	0	2	4	1	0	0	4	1	1	2	0	1	2	2	2	1	0	2	2	0.27	0.7414310000000001
7l6r_P_2	0.0	0.0		0	355.71	569.21	14.27	1.6002080346349556	0.09	0.32	80	30	9	0.32	0	54	12	14	0	0	0.1	0.19	0.24	0.48	1	1	0	0	0	2	2	1	0	3	6	3	0	0	0	1	0	0	1	0	0.16	0.645239
7l6r_P_3	0.0	0.0		0	298.05	578.0	13.84	1.9392719342392213	0.08	0.12	83	23	15	0.44	0	56	13	12	2	0	0.12	0.19	0.25	0.44	1	2	2	1	0	2	1	0	0	1	0	1	2	0	0	0	0	2	0	1	0.16	0.593699
7l6r_P_4	0.0	0.0		0	161.47	318.76	7.96	1.9741128382981359	0.43	0.8	50	15	6	0.47	0	33	6	10	1	0	0.11	0.11	0.44	0.33	0	0	1	1	0	1	0	0	0	0	0	1	1	1	1	2	0	0	0	0	0.01	0.246432
7l6r_P_5	0.0	0.0		0	155.9	222.58	8.74	1.42771007055805	0.41	0.72	32	7	3	0.5	0	24	2	5	1	0	0.0	0.0	0.25	0.75	1	0	0	0	0	1	0	0	0	1	1	0	1	0	1	0	1	0	0	1	0.01	0.313712
7l6r_P_6	0.0	0.0		0	147.14	375.95	9.24	2.5550496126138373	0.07	0.08	47	14	11	0.48	0	30	10	7	0	0	0.0	0.23	0.38	0.38	1	3	3	0	0	0	0	0	0	0	1	0	0	0	1	0	1	0	1	2	0.0	0.289484
7l6r_P_7	0.0	0.0		0	127.68	304.22	10.83	2.3826754385964914	0.16	0.4	58	16	11	0.29	0	40	10	8	0	0	0.08	0.08	0.42	0.42	1	1	3	1	0	1	0	0	0	1	1	0	0	0	1	1	0	0	0	1	0.0	0.338818
7l6r_P_8	0.0	0.0		0	122.75	302.78	9.0	2.4666395112016293	0.39	0.56	48	16	4	0.49	0	33	6	9	0	0	0.0	0.22	0.44	0.33	1	0	0	0	0	1	0	1	1	0	0	1	0	1	0	0	1	0	1	1	0.0	0.253288
7l6r_P_9	0.0	0.0		0	115.26	57.92	10.59	0.5025160506680548	0.13	0.22	59	12	1	0.0	0	44	5	9	1	0	0.05	0.0	0.23	0.73	2	0	1	1	0	0	0	3	0	4	5	0	1	0	1	1	0	1	0	2	0.0	0.342277
7l6r_P_10	0.0	0.0		0	109.95	246.36	7.19	2.2406548431105047	0.37	0.71	41	12	4	0.41	0	27	7	7	0	0	0.0	0.2	0.2	0.6	0	1	1	0	0	0	0	0	0	0	4	1	0	0	1	0	1	0	0	1	0.0	0.21408
7l6r_P_11	0.0	0.0		0	105.92	296.02	8.4	2.794750755287009	0.27	0.55	43	14	7	0.38	0	27	8	8	0	0	0.11	0.11	0.33	0.44	0	1	0	1	0	0	0	1	0	0	3	0	0	0	1	0	2	0	0	0	0.0	0.234746
7l6r_P_12	0.0	0.0		0	100.54	252.83	7.64	2.5147205092500498	0.36	0.56	39	14	4	0.42	0	27	5	7	0	0	0.0	0.0	0.5	0.5	0	0	1	0	0	0	0	1	0	0	1	0	1	0	2	0	2	0	1	1	0.0	0.212102
7l6r_P_13	0.0	0.0		0	100.29	210.05	7.68	2.0944261641240405	0.33	0.71	30	8	4	0.52	0	21	6	3	0	0	0.3	0.3	0.2	0.2	0	0	1	0	1	0	3	0	1	0	1	2	0	0	0	0	0	0	0	1	0.0	0.173952
6yhr_P_0	0.0	0.0		0	2264.57	2407.64	40.71	1.0631775568871793	0.1	0.2	438	132	56	0.36	0	296	73	64	5	0	0.09	0.16	0.34	0.4	5	5	1	5	2	5	3	5	6	7	7	3	4	6	1	8	4	1	5	4	0.63	0.8057770000000001
6yhr_P_1	0.0	0.0		0	822.99	1325.95	20.33	1.6111374378789536	0.15	0.29	162	44	20	0.59	0	116	22	20	4	0	0.14	0.24	0.17	0.45	0	0	3	2	0	0	2	1	2	1	4	5	4	2	1	0	0	1	1	0	0.62	0.827831
6yhr_P_2	0.0	0.0		0	603.95	969.23	17.47	1.604818279658912	0.13	0.17	146	56	16	0.43	0	101	18	26	1	0	0.19	0.12	0.34	0.34	1	2	0	3	1	3	3	2	1	0	2	1	0	2	2	2	3	4	0	0	0.41	0.7822140000000001
6yhr_P_3	0.0	0.0		0	410.74	601.53	14.77	1.4645030919803284	0.07	0.1	105	28	13	0.32	0	70	18	16	1	0	0.12	0.12	0.4	0.36	3	0	2	2	1	1	1	2	1	3	0	2	1	0	2	1	1	0	2	0	0.21	0.670135
6yhr_P_4	0.0	0.0		0	357.57	483.09	14.12	1.351036160751741	0.05	0.08	68	20	9	0.44	0	48	10	10	0	0	0.14	0.14	0.43	0.29	1	2	1	2	0	0	1	4	0	0	2	1	0	1	1	1	2	0	1	1	0.21	0.613727
6yhr_P_5	0.0	0.0		0	231.31	328.65	18.75	1.4208205438588906	0.07	0.09	74	22	4	0.21	0	55	7	12	0	0	0.06	0.06	0.33	0.56	0	1	0	0	0	2	1	1	0	2	5	0	0	2	1	2	1	0	0	0	0.0	0.7132109999999999
6yhr_P_6	0.0	0.0		0	158.66	156.97	10.08	0.9893482919450396	0.33	0.54	67	12	3	0.17	0	50	8	9	0	0	0.08	0.17	0.25	0.5	0	2	0	1	0	0	0	1	0	2	3	0	0	1	0	0	1	0	1	0	0.0	0.346842
6yhr_P_7	0.0	0.0		0	156.07	120.71	11.77	0.7734349971166784	0.19	0.3	64	4	2	0.33	0	52	5	6	1	0	0.0	0.0	0.27	0.73	0	0	1	0	1	0	0	1	0	3	6	0	0	0	0	0	0	0	1	2	0.0	0.424582
6yhr_P_8	0.0	0.0		0	136.81	304.32	10.36	2.2243988012572182	0.28	0.32	43	17	7	0.27	0	28	5	6	4	0	0.0	0.23	0.54	0.23	0	2	1	0	3	0	0	1	0	0	1	1	1	0	0	1	0	1	1	0	0.0	0.296939
6yhr_P_9	0.0	0.0		0	134.87	287.44	9.1	2.1312374879513607	0.06	0.14	35	12	3	0.52	0	26	2	7	0	0	0.1	0.3	0.2	0.4	0	1	1	1	0	0	0	0	2	1	2	0	0	1	0	1	0	0	0	0	0.0	0.276504
6yhr_P_10	0.0	0.0		0	129.92	268.39	8.38	2.06580972906404	0.12	0.29	36	14	2	0.41	0	23	5	8	0	0	0.09	0.18	0.18	0.55	0	1	0	0	0	0	1	1	0	2	1	1	1	0	0	0	1	0	0	2	0.0	0.264138
6yhr_P_11	0.0	0.0		0	122.6	216.06	8.36	1.7623164763458403	0.41	0.54	41	12	10	0.31	0	27	8	4	2	0	0.0	0.11	0.67	0.22	0	1	0	0	2	0	0	0	0	0	0	0	1	0	0	2	1	1	1	0	0.0	0.213067
6yhr_P_12	0.0	0.0		0	120.66	273.95	8.82	2.270429305486491	0.41	0.42	41	13	7	0.23	0	24	9	8	0	0	0.1	0.4	0.0	0.5	0	3	0	1	0	0	0	0	0	0	1	1	1	0	2	0	0	0	0	1	0.0	0.267422
6yhr_P_13	0.0	0.0		0	110.22	236.38	8.59	2.1446198512066776	0.31	0.44	45	10	7	0.37	0	29	8	8	0	0	0.08	0.15	0.31	0.46	1	1	0	1	0	0	0	2	1	1	1	0	2	1	0	1	0	0	1	0	0.0	0.246507
6yhr_P_14	0.0	0.0		0	108.61	275.46	10.74	2.5362305496731423	0.11	0.22	44	12	7	0.3	0	31	6	6	1	0	0.08	0.25	0.25	0.42	0	1	0	0	1	0	1	1	0	3	1	2	0	1	0	1	0	0	0	0	0.0	0.318997
7xlq_P_0	0.0	0.0		0	1099.55	1061.75	26.7	0.9656223000318312	0.12	0.23	184	54	6	0.51	0	139	14	31	0	0	0.02	0.0	0.33	0.65	0	0	2	0	0	0	1	4	0	3	10	0	2	9	1	3	4	1	2	4	0.69	0.8183239999999999
7xlq_P_1	0.0	0.0		0	726.45	707.36	23.82	0.9737215224722968	0.1	0.33	186	48	15	0.19	0	128	27	29	2	0	0.11	0.11	0.18	0.59	3	3	1	2	0	2	3	0	1	5	6	1	4	0	3	1	4	1	0	4	0.4	0.859123
7xlq_P_2	0.0	0.0		0	702.57	753.07	17.38	1.071878958680274	0.11	0.41	151	56	16	0.2	0	100	20	31	0	0	0.17	0.1	0.31	0.41	3	2	4	1	0	0	4	0	0	3	2	1	0	2	0	5	0	0	0	2	0.39	0.799139
7xlq_P_3	0.0	0.0		0	661.39	925.13	20.51	1.3987662347480307	0.09	0.25	119	26	13	0.62	0	90	16	13	0	0	0.08	0.24	0.24	0.44	0	3	1	1	0	0	1	0	0	2	1	3	1	4	0	2	1	1	2	2	0.53	0.832306
7xlq_P_4	0.0	0.0		0	579.26	686.82	21.67	1.1856851845458	0.07	0.08	89	14	3	0.78	0	75	5	6	3	0	0.0	0.0	0.19	0.81	1	0	3	0	1	0	0	0	0	3	3	0	2	7	0	0	0	1	0	0	0.53	0.842058
7xlq_P_5	0.0	0.0		0	563.91	663.62	16.8	1.1768189959390685	0.45	0.83	124	47	12	0.29	0	84	14	25	1	0	0.07	0.03	0.34	0.55	2	1	1	0	1	2	2	1	0	3	2	0	0	4	0	3	1	0	1	5	0.33	0.784886
7xlq_P_6	0.0	0.0		0	516.14	602.4	14.9	1.16712519858953	0.09	0.21	99	18	1	0.71	0	79	8	10	2	0	0.0	0.0	0.08	0.92	0	0	0	0	0	0	0	1	0	2	7	0	2	7	0	0	1	0	0	4	0.46	0.749542
7xlq_P_7	0.0	0.0		0	437.43	533.29	11.53	1.2191436344100772	0.14	0.16	65	17	2	0.74	0	51	4	9	1	0	0.0	0.0	0.31	0.69	2	0	1	0	0	0	0	1	0	2	3	0	1	2	0	0	1	1	2	0	0.4	0.635178
7xlq_P_8	0.0	0.0		0	437.43	540.61	15.57	1.2358777404384702	0.2	0.28	92	33	13	0.27	0	61	14	16	1	0	0.14	0.05	0.33	0.48	2	1	1	2	0	3	1	0	0	0	1	0	2	0	2	2	1	1	0	2	0.22	0.7194149999999999
7xlq_P_9	0.0	0.0		0	425.73	597.27	19.37	1.4029314354168134	0.12	0.23	76	13	2	0.75	0	66	4	5	1	0	0.0	0.11	0.05	0.84	0	2	0	0	0	0	0	0	0	2	4	0	1	5	0	1	0	1	0	3	0.4	0.7903640000000001
7xlq_P_10	0.0	0.0		0	389.67	400.8	16.69	1.0285626299176225	0.12	0.35	101	35	16	0.12	0	69	13	17	2	0	0.14	0.18	0.36	0.32	0	2	1	1	1	1	2	0	0	2	0	2	1	2	0	2	2	1	1	1	0.12	0.710383
7xlq_P_11	0.0	0.0		0	369.93	511.63	22.83	1.3830454410293842	0.05	0.13	128	33	14	0.31	0	89	19	20	0	0	0.09	0.18	0.23	0.5	1	2	2	0	0	0	2	0	0	1	4	2	2	2	0	0	1	0	2	1	0.18	0.834195
7xlq_P_12	0.0	0.0		0	347.51	382.83	13.98	1.101637362953584	0.18	0.23	78	27	7	0.21	0	57	8	13	0	0	0.18	0.12	0.24	0.47	1	0	1	1	0	0	2	1	0	2	1	2	0	2	0	1	0	0	1	2	0.11	0.631759
7xlq_P_13	0.0	0.0		0	344.1	468.91	12.46	1.3627143272304565	0.4	0.57	76	23	13	0.31	0	51	13	11	1	0	0.12	0.25	0.31	0.31	0	3	2	1	0	1	1	1	0	1	1	1	1	0	1	0	1	0	0	1	0.15	0.554573
7xlq_P_14	0.0	0.0		0	325.09	447.7	14.05	1.3771570949583194	0.08	0.1	48	7	0	0.84	0	42	2	3	1	0	0.0	0.0	0.0	1.0	1	0	0	0	0	0	0	0	0	3	3	0	1	3	0	0	0	1	0	1	0.34	0.626412
7xlq_P_15	0.0	0.0		0	310.47	536.75	8.83	1.728830482816375	0.2	0.36	72	19	8	0.45	0	51	10	11	0	0	0.12	0.18	0.35	0.35	0	1	3	1	0	0	1	0	2	0	0	0	0	1	4	0	2	1	1	0	0.17	0.40042
7xlq_P_16	0.0	0.0		0	303.89	453.1	18.17	1.491000032906644	0.07	0.18	104	24	13	0.21	0	72	17	15	0	0	0.05	0.23	0.18	0.55	3	4	1	1	0	0	0	1	0	1	2	1	0	3	0	0	1	0	1	3	0.08	0.7311850000000001
7xlq_P_17	0.0	0.0		0	298.04	540.05	10.98	1.8120050999865789	0.24	0.42	57	28	14	0.25	0	34	9	12	2	0	0.22	0.06	0.5	0.22	1	0	2	1	2	1	3	2	0	0	0	1	0	0	2	1	1	0	0	1	0.08	0.444753
7xlq_P_18	0.0	0.0		0	296.33	386.42	10.93	1.3040191678196609	0.2	0.28	62	7	0	0.83	0	54	3	4	1	0	0.0	0.0	0.0	1.0	0	0	0	0	0	0	0	0	0	2	5	0	1	4	0	0	0	0	0	2	0.31	0.516618
7xlq_P_19	0.0	0.0		0	276.11	277.79	11.23	1.00608453152729	0.25	0.51	44	14	2	0.48	0	35	3	6	0	0	0.0	0.0	0.5	0.5	1	0	2	0	0	1	0	0	0	2	4	0	0	0	0	1	2	0	1	0	0.15	0.4920600000000001
7xlq_P_20	0.0	0.0		0	253.44	319.79	12.19	1.261797664141414	0.22	0.41	52	21	11	0.26	0	29	10	12	1	0	0.27	0.33	0.2	0.2	1	4	0	1	0	1	3	0	0	0	0	1	1	0	0	1	1	1	0	0	0.04	0.455643
7xlq_P_21	0.0	0.0		0	245.16	396.99	12.13	1.6193098384728342	0.27	0.41	69	20	8	0.42	0	44	16	9	0	0	0.2	0.27	0.33	0.2	0	2	1	1	1	0	2	1	2	1	1	0	0	0	1	1	1	0	0	0	0.09	0.446852
7xlq_P_22	0.0	0.0		0	234.68	341.98	8.96	1.4572183398670533	0.09	0.35	57	32	6	0.05	0	34	6	17	0	0	0.38	0.0	0.5	0.12	1	0	1	1	0	2	5	3	0	0	0	0	1	0	0	0	2	0	0	0	0.0	0.292837
7xlq_P_23	0.0	0.0		0	221.27	310.91	12.55	1.40511592172459	0.08	0.12	78	23	9	0.3	0	55	12	10	1	0	0.14	0.21	0.29	0.36	0	1	0	1	0	2	1	0	1	0	3	1	1	0	0	1	1	0	0	1	0.02	0.478267
7xlq_P_24	0.0	0.0		0	213.48	232.66	16.48	1.089844481918681	0.08	0.16	73	19	2	0.16	0	58	3	9	3	0	0.1	0.0	0.2	0.7	0	0	0	1	1	0	1	1	0	1	3	0	5	1	0	0	1	1	1	3	0.0	0.635641
7xlq_P_25	0.0	0.0		0	212.01	323.31	12.51	1.524975237017122	0.26	0.34	47	13	1	0.5	0	38	2	6	1	0	0.0	0.0	0.18	0.82	0	0	0	0	0	0	0	1	0	1	4	0	1	1	0	0	0	0	1	2	0.09	0.5
7xlq_P_26	0.0	0.0		0	208.85	305.12	13.06	1.4609528369643283	0.13	0.18	57	30	6	0.22	0	37	4	15	1	0	0.08	0.0	0.67	0.25	0	0	2	0	1	2	1	0	0	1	1	0	0	1	0	1	2	0	0	0	0.0	0.469113
7xlq_P_27	0.0	0.0		0	198.37	304.72	11.42	1.5361193728890459	0.25	0.38	37	4	1	0.83	0	34	1	1	1	0	0.0	0.0	0.08	0.92	1	0	0	0	1	0	0	0	0	1	4	0	0	3	1	0	0	0	0	1	0.2	0.447964
7xlq_P_28	0.0	0.0		0	192.27	275.4	9.8	1.4323607427055702	0.26	0.43	39	5	2	0.75	0	30	2	6	1	0	0.0	0.08	0.17	0.75	2	1	0	0	0	0	0	0	0	2	2	0	1	1	1	1	1	0	0	0	0.16	0.384314
7xlq_P_29	0.0	0.0		0	191.06	294.14	12.98	1.5395163822882862	0.14	0.28	60	18	5	0.18	0	40	10	10	0	0	0.08	0.23	0.23	0.46	1	3	0	0	0	0	1	1	0	2	1	0	0	0	0	1	1	0	0	2	0.0	0.485775
7xlq_P_30	0.0	0.0		0	190.33	371.83	12.0	1.9536068932906003	0.15	0.26	62	13	4	0.55	0	48	4	9	1	0	0.0	0.14	0.14	0.71	2	0	0	0	0	0	0	0	0	1	4	2	1	2	0	1	1	0	0	0	0.08	0.464632
7xlq_P_31	0.0	0.0		0	186.18	393.18	14.65	2.111827263938124	0.09	0.13	65	16	14	0.12	0	42	13	10	0	0	0.38	0.23	0.31	0.08	0	3	2	1	0	2	4	0	0	0	1	0	0	0	0	0	0	0	0	0	0.0	0.480143
7xlq_P_32	0.0	0.0		0	185.69	265.05	8.4	1.4273789649415694	0.27	0.55	52	12	4	0.38	0	40	5	7	0	0	0.21	0.14	0.36	0.29	0	0	0	0	0	2	3	1	2	0	1	0	0	2	0	0	1	0	1	1	0.01	0.271948
7xlq_P_33	0.0	0.0		0	185.21	320.83	11.26	1.7322498785162788	0.18	0.27	55	18	6	0.17	0	37	8	10	0	0	0.07	0.14	0.43	0.36	0	1	0	0	0	1	1	2	0	1	2	1	0	0	1	0	2	0	1	1	0.0	0.395141
7xlq_P_34	0.0	0.0		0	178.87	473.54	12.59	2.6473975512942363	0.12	0.24	45	16	9	0.47	0	31	6	8	0	0	0.0	0.21	0.29	0.5	1	1	1	0	0	0	0	2	1	2	1	1	0	2	0	0	0	0	1	1	0.03	0.46393
7xlq_P_35	0.0	0.0		0	174.0	347.47	7.01	1.9969540229885057	0.23	0.29	36	6	1	0.82	0	31	1	4	0	0	0.0	0.0	0.38	0.62	0	0	0	0	0	0	0	0	0	1	1	0	0	1	0	1	0	0	2	2	0.17	0.262144
7xlq_P_36	0.0	0.0		0	166.44	256.57	9.53	1.5415164623888489	0.41	0.51	27	2	0	0.89	0	24	1	2	0	0	0.0	0.0	0.0	1.0	1	0	0	0	0	0	0	0	0	3	3	0	0	1	0	0	0	0	0	0	0.18	0.348075
7xlq_P_37	0.0	0.0		0	159.38	219.88	7.62	1.3795959342452002	0.56	0.97	34	10	4	0.44	0	25	4	5	0	0	0.22	0.0	0.22	0.56	1	0	0	1	0	2	1	0	0	0	1	0	1	1	0	0	0	0	0	1	0.0	0.263778
7xlq_P_38	0.0	0.0		0	148.41	315.78	6.73	2.1277541944612897	0.39	0.42	34	12	4	0.43	0	24	5	5	0	0	0.25	0.38	0.12	0.25	0	1	0	1	0	0	1	0	1	1	1	1	0	0	0	1	0	0	0	0	0.0	0.183982
7xlq_P_39	0.0	0.0		0	141.59	229.61	8.24	1.6216540716152268	0.25	0.34	37	12	4	0.43	0	26	5	6	0	0	0.1	0.2	0.1	0.6	2	1	0	1	0	0	0	1	0	0	1	1	0	1	1	0	0	1	0	0	0.0	0.274283
7xlq_P_40	0.0	0.0		0	141.1	190.38	10.49	1.34925584691708	0.21	0.3	49	16	3	0.3	0	37	4	7	1	0	0.0	0.0	0.25	0.75	1	0	1	0	1	1	0	0	0	1	3	0	0	1	0	0	0	0	0	3	0.0	0.360085
7xlq_P_41	0.0	0.0		0	136.47	239.18	8.24	1.7526196233604456	0.38	0.52	28	3	0	0.9	0	26	0	1	1	0	0.0	0.0	0.0	1.0	0	0	0	0	0	0	0	0	0	2	2	0	1	2	0	0	0	0	0	1	0.14	0.277796
7xlq_P_42	0.0	0.0		0	136.23	187.28	9.47	1.3747339058944434	0.16	0.26	49	10	5	0.29	0	34	8	6	1	0	0.0	0.09	0.18	0.73	1	1	0	0	0	0	0	1	0	0	4	0	1	0	2	0	0	0	1	0	0.0	0.32100100000000004
7xlq_P_43	0.0	0.0		0	135.01	301.39	8.05	2.2323531590252568	0.23	0.27	30	2	1	0.9	0	25	2	3	0	0	0.0	0.0	0.22	0.78	1	0	0	0	0	0	0	0	0	1	2	0	0	1	0	1	0	1	1	1	0.14	0.272231
7xlq_P_44	0.0	0.0		0	128.18	309.87	8.83	2.4174598221251364	0.54	0.94	36	10	6	0.5	0	26	4	6	0	0	0.12	0.25	0.38	0.25	0	1	1	0	0	0	1	0	0	2	0	1	0	0	0	1	1	0	0	0	0.0	0.237783
7xlq_P_45	0.0	0.0		0	127.21	237.69	7.73	1.8684851819825483	0.29	0.5	39	6	9	0.32	0	28	6	5	0	0	0.11	0.22	0.33	0.33	0	0	0	1	0	0	0	1	0	2	1	2	0	0	0	2	0	0	0	0	0.0	0.213534
7xlq_P_46	0.0	0.0		0	121.36	254.89	8.22	2.1002801582069868	0.47	0.6	29	6	2	0.65	0	23	3	3	0	0	0.0	0.11	0.22	0.67	2	0	0	0	0	1	0	0	0	0	1	1	0	0	1	0	0	0	1	2	0.02	0.26105
7xlq_P_47	0.0	0.0		0	117.7	266.26	5.79	2.2621920135938827	0.2	0.27	24	8	0	0.67	0	19	1	4	0	0	0.0	0.29	0.43	0.29	1	0	0	0	0	0	0	1	0	0	0	2	0	0	0	0	0	0	2	1	0.02	0.14535499999999998
7xlq_P_48	0.0	0.0		0	117.46	192.88	7.28	1.6420909245700666	0.5	0.58	32	10	3	0.48	0	24	3	5	0	0	0.14	0.14	0.57	0.14	0	1	2	1	0	0	0	0	0	0	0	0	0	1	0	0	0	0	2	0	0.0	0.163563
7xlq_P_49	0.0	0.0		0	114.05	187.8	7.23	1.646646207803595	0.39	0.44	23	3	1	0.83	0	17	2	3	1	0	0.2	0.0	0.0	0.8	0	0	0	0	0	0	1	0	0	1	1	0	1	1	0	0	0	0	0	0	0.08	0.228904
7xlq_P_50	0.0	0.0		0	113.07	301.86	8.5	2.6696736534889896	0.36	0.86	40	12	12	0.31	0	23	10	7	0	0	0.3	0.4	0.2	0.1	0	1	0	1	0	2	2	0	2	0	0	1	1	0	0	0	0	0	0	0	0.0	0.189063
7xlq_P_51	0.0	0.0		0	111.12	204.72	6.06	1.8423326133909288	0.35	0.42	20	5	1	0.67	0	15	1	3	1	0	0.14	0.0	0.14	0.71	0	0	0	0	0	0	1	0	0	2	0	0	1	0	1	1	0	0	0	1	0.01	0.189219
7xlq_P_52	0.0	0.0		0	110.39	109.37	11.21	0.9907600326116496	0.13	0.15	64	16	6	0.08	0	46	9	9	0	0	0.06	0.12	0.53	0.29	0	0	1	1	0	1	0	1	1	0	1	1	0	2	1	1	4	0	1	1	0.0	0.320919
7xlq_P_53	0.0	0.0		0	110.39	124.96	9.47	1.1319865929884954	0.31	0.34	57	20	5	0.17	0	39	8	10	0	0	0.15	0.31	0.23	0.31	0	1	0	1	0	0	1	2	2	0	0	1	0	2	1	0	1	0	0	1	0.0	0.256772
7xlq_P_54	0.0	0.0		0	108.2	236.76	7.09	2.188170055452865	0.25	0.32	33	6	0	0.74	0	27	3	3	0	0	0.0	0.0	0.0	1.0	0	0	0	0	0	0	0	0	0	2	3	0	0	1	0	0	0	0	0	0	0.04	0.219113
7xlq_P_55	0.0	0.0		0	106.98	233.81	6.55	2.1855487006917182	0.48	0.6	23	6	13	0.14	0	15	5	3	0	0	0.0	0.5	0.38	0.12	0	2	0	0	0	2	0	0	0	0	0	2	1	0	0	1	0	0	0	0	0.0	0.135881
7xlq_P_56	0.0	0.0		0	105.52	329.81	6.73	3.125568612585292	0.58	0.75	26	12	4	0.24	0	16	4	6	0	0	0.43	0.14	0.29	0.14	0	1	1	0	0	1	3	0	0	0	0	0	0	1	0	0	0	0	0	0	0.0	0.142176
7xlq_P_57	0.0	0.0		0	105.03	229.03	9.76	2.180615062363134	0.18	0.37	46	8	4	0.5	0	37	5	4	0	0	0.1	0.1	0.2	0.6	0	0	0	0	0	0	1	0	1	0	3	0	1	1	0	0	1	1	1	0	0.0	0.296559
5b0u_P_0	0.0	0.0		0	1222.78	1378.6	25.72	1.1274309360637236	0.33	0.53	278	67	28	0.35	0	199	34	44	1	0	0.07	0.07	0.34	0.52	0	3	1	3	1	4	1	5	1	9	6	0	0	4	1	3	1	2	5	8	0.62	0.816042
5b0u_P_1	0.0	0.0		0	132.67	269.07	11.38	2.0281148714856414	0.18	0.48	48	10	8	0.38	0	35	7	6	0	0	0.09	0.09	0.27	0.55	0	1	1	1	0	0	0	1	0	1	1	0	0	1	1	0	0	1	1	1	0.0	0.377193
8vw5_P_0	0.0	0.0		0	1477.89	1833.3	25.28	1.2404847451434138	0.16	0.64	314	94	41	0.39	0	225	42	45	2	0	0.1	0.14	0.31	0.46	5	4	1	2	2	2	4	1	1	5	8	3	0	4	2	4	5	2	3	1	0.64	0.812764
8vw5_P_1	0.0	0.0		0	300.22	354.88	14.59	1.1820664845779758	0.2	0.31	93	16	12	0.43	0	66	17	10	0	0	0.0	0.17	0.28	0.56	1	1	2	0	0	2	0	1	1	1	3	1	0	2	2	0	0	1	0	0	0.16	0.630137
8vw5_P_2	0.0	0.0		0	276.67	395.5	13.61	1.4295008493873569	0.2	0.33	100	32	11	0.22	0	66	11	22	1	0	0.24	0.1	0.43	0.24	0	0	1	3	1	1	2	0	0	3	1	2	1	0	0	2	1	0	3	0	0.05	0.537525
8vw5_P_3	0.0	0.0		0	235.2	362.44	8.75	1.5409863945578233	0.17	0.23	51	24	4	0.32	0	35	6	9	1	0	0.15	0.0	0.46	0.38	1	0	1	2	1	0	0	0	0	1	1	0	0	0	2	2	1	0	1	0	0.04	0.34315
8vw5_P_4	0.0	0.0		0	186.43	308.57	8.25	1.6551520678002467	0.31	0.58	41	14	5	0.57	0	33	3	5	0	0	0.18	0.09	0.36	0.36	1	0	0	1	0	0	1	1	0	1	0	1	0	1	1	0	1	0	2	0	0.08	0.281039
8vw5_P_5	0.0	0.0		0	167.62	286.98	10.03	1.7120868631428232	0.3	0.44	61	16	6	0.29	0	45	6	10	0	0	0.08	0.08	0.33	0.5	0	0	1	1	0	0	0	0	1	1	2	0	0	2	1	1	0	0	2	0	0.0	0.352875
8vw5_P_6	0.0	0.0		0	122.37	203.57	8.22	1.6635613303914356	0.39	0.7	44	8	5	0.41	0	33	6	5	0	0	0.33	0.11	0.33	0.22	0	0	1	2	0	0	1	0	0	1	0	1	0	1	0	0	1	0	1	0	0.0	0.208202
8vw5_P_7	0.0	0.0		0	109.76	238.14	7.35	2.1696428571428568	0.33	0.53	41	8	0	0.67	0	33	2	5	1	0	0.14	0.0	0.14	0.71	0	0	0	1	0	0	0	0	0	0	1	0	1	0	1	0	0	1	1	1	0.01	0.226149
5uak_P_0	0.0	0.0		0	1365.4	1583.34	31.76	1.1596162296762853	0.18	0.33	283	53	20	0.42	0	215	30	35	3	0	0.02	0.08	0.17	0.73	5	4	1	1	0	1	0	1	0	13	6	1	3	9	1	3	3	1	1	6	0.65	0.806513
5uak_P_1	0.0	0.0		0	1091.18	1677.01	29.19	1.5368775087519932	0.22	0.5	256	66	15	0.49	0	188	27	39	2	0	0.02	0.06	0.3	0.62	3	1	0	0	2	1	1	3	0	6	11	2	1	2	2	4	3	1	2	5	0.68	0.812099
5uak_P_2	0.0	0.0		0	708.75	1090.02	33.66	1.5379470899470902	0.03	0.07	180	53	22	0.32	0	130	23	25	2	0	0.09	0.11	0.25	0.55	1	1	2	2	1	1	2	3	1	3	9	3	1	5	2	3	0	0	1	3	0.44	0.882415
5uak_P_3	0.0	0.0		0	663.52	853.77	25.64	1.2867283578490476	0.07	0.28	151	49	18	0.19	0	103	22	25	1	0	0.1	0.13	0.27	0.5	2	4	1	3	0	1	0	0	0	1	5	0	1	3	1	2	2	0	2	2	0.36	0.8708799999999999
5uak_P_4	0.0	0.0		0	660.95	865.99	27.14	1.3102201376806109	0.07	0.19	173	56	18	0.3	0	118	26	27	2	0	0.09	0.14	0.34	0.43	1	2	0	1	3	4	2	2	2	2	7	1	0	1	2	1	1	0	1	2	0.4	0.877576
5uak_P_5	0.0	0.0		0	587.95	802.92	20.9	1.3656263287694528	0.11	0.7	170	47	11	0.23	0	121	22	26	1	0	0.15	0.24	0.15	0.47	1	3	0	2	0	0	3	0	3	6	5	2	2	1	0	3	2	0	0	1	0.32	0.83465
5uak_P_6	0.0	0.0		0	480.9	631.26	14.07	1.3126637554585154	0.22	0.46	112	42	10	0.27	0	79	13	18	2	0	0.04	0.21	0.25	0.5	1	3	0	0	0	1	1	2	0	2	5	2	2	1	0	0	1	1	2	0	0.25	0.704418
5uak_P_7	0.0	0.0		0	478.32	715.64	16.42	1.4961532028767353	0.37	0.76	116	23	8	0.52	0	88	14	13	1	0	0.0	0.14	0.14	0.73	1	1	0	0	0	0	0	1	1	3	3	1	2	4	0	1	1	2	0	1	0.35	0.763401
5uak_P_8	0.0	0.0		0	466.01	619.41	25.61	1.3291774854616851	0.09	0.17	168	41	13	0.1	0	124	22	20	2	0	0.03	0.11	0.39	0.47	2	4	1	0	2	1	1	4	0	3	3	0	1	6	1	4	1	1	1	0	0.18	0.872908
5uak_P_9	0.0	0.0		0	462.0	663.28	17.0	1.4356709956709957	0.14	0.43	120	43	20	0.22	0	79	20	19	2	0	0.09	0.13	0.26	0.52	1	2	1	0	1	2	2	0	0	1	6	1	1	0	1	1	1	0	0	2	0.22	0.761131
5uak_P_10	0.0	0.0		0	443.97	861.17	20.09	1.9397031330945784	0.08	0.15	109	34	24	0.36	0	71	21	16	1	0	0.17	0.17	0.3	0.35	0	1	1	0	1	0	4	3	1	3	4	2	0	0	0	1	1	0	0	1	0.26	0.7994399999999999
5uak_P_11	0.0	0.0		0	436.81	566.48	23.51	1.2968567569423777	0.09	0.25	143	20	7	0.16	0	115	14	14	0	0	0.09	0.06	0.09	0.76	1	2	0	1	1	0	2	1	0	6	9	0	1	3	0	0	1	2	0	4	0.17	0.844985
5uak_P_12	0.0	0.0		0	393.88	498.61	15.34	1.2658931654310959	0.18	0.21	87	26	7	0.41	0	61	12	14	0	0	0.05	0.14	0.29	0.52	3	2	1	1	0	0	0	1	0	0	3	1	0	1	1	2	0	2	2	1	0.24	0.700309
5uak_P_13	0.0	0.0		0	384.72	633.68	15.4	1.6471199833645247	0.12	0.24	75	20	6	0.61	0	57	8	10	0	0	0.0	0.07	0.21	0.71	0	1	0	0	0	0	0	1	0	1	4	0	0	1	0	0	0	1	2	3	0.31	0.706114
5uak_P_14	0.0	0.0		0	358.38	479.22	14.6	1.3371839946425583	0.4	0.7	103	18	7	0.32	0	78	11	13	1	0	0.0	0.12	0.21	0.67	2	1	0	0	3	0	0	0	1	1	6	1	1	3	1	1	0	0	1	2	0.17	0.668496
5uak_P_15	0.0	0.0		0	357.24	559.06	22.19	1.5649423356846937	0.06	0.15	108	17	6	0.36	0	86	10	11	1	0	0.05	0.05	0.1	0.8	3	0	2	0	0	0	1	0	0	2	8	1	1	1	0	0	0	1	0	0	0.19	0.814209
5uak_P_16	0.0	0.0		0	352.09	624.98	9.06	1.7750575137038829	0.09	0.24	75	33	11	0.4	0	51	9	14	1	0	0.29	0.12	0.35	0.24	0	1	0	1	0	0	4	1	0	0	1	1	1	0	0	3	1	2	1	0	0.19	0.411785
5uak_P_17	0.0	0.0		0	341.49	585.04	16.85	1.7131980438665846	0.08	0.14	85	30	11	0.39	0	62	10	13	0	0	0.11	0.06	0.44	0.39	0	0	0	1	0	1	1	2	0	1	1	1	1	2	0	2	3	2	0	0	0.18	0.703859
5uak_P_18	0.0	0.0		0	328.33	758.39	20.85	2.3098407090427315	0.06	0.08	63	26	8	0.47	0	46	6	11	0	0	0.0	0.18	0.18	0.65	0	0	0	0	0	1	0	0	0	2	6	3	0	1	0	1	1	1	0	1	0.2	0.793914
5uak_P_19	0.0	0.0		0	324.89	431.88	16.94	1.3293114592631352	0.12	0.29	96	19	6	0.26	0	72	13	10	1	0	0.05	0.19	0.14	0.62	1	2	1	1	0	0	0	0	2	3	4	0	1	3	0	1	1	1	0	0	0.12	0.712831
5uak_P_20	0.0	0.0		0	309.72	462.43	11.83	1.49305824615782	0.1	0.38	64	13	2	0.67	0	54	2	6	2	0	0.0	0.0	0.29	0.71	0	0	0	0	1	0	0	0	0	3	5	0	1	0	0	0	1	0	2	1	0.26	0.559096
5uak_P_21	0.0	0.0		0	289.4	458.12	16.26	1.5829993089149967	0.1	0.2	88	26	1	0.52	0	66	9	13	0	0	0.06	0.06	0.12	0.75	2	0	0	0	0	2	1	0	0	1	2	1	1	2	1	0	0	0	0	3	0.18	0.677038
5uak_P_22	0.0	0.0		0	275.94	441.05	15.54	1.5983547147930712	0.1	0.37	112	33	6	0.3	0	79	15	16	2	0	0.05	0.05	0.18	0.73	1	1	0	0	1	1	1	1	0	3	6	0	1	2	1	0	0	1	1	1	0.08	0.647392
5uak_P_23	0.0	0.0		0	272.51	383.73	16.59	1.408131811676636	0.13	0.17	93	18	7	0.43	0	67	14	12	0	0	0.05	0.11	0.32	0.53	0	0	1	0	0	1	1	1	0	3	4	2	0	3	0	0	1	0	2	0	0.13	0.6703
5uak_P_24	0.0	0.0		0	235.3	485.63	13.26	2.0638759031024225	0.15	0.27	57	18	3	0.5	0	43	4	8	2	0	0.0	0.13	0.27	0.6	1	0	0	0	0	0	0	1	0	1	3	2	2	2	0	2	1	0	0	0	0.12	0.544322
5uak_P_25	0.0	0.0		0	224.99	385.45	14.51	1.7131872527667895	0.12	0.23	75	24	10	0.19	0	51	11	13	0	0	0.19	0.19	0.38	0.25	1	1	1	1	0	0	2	1	1	1	1	1	0	0	0	1	2	0	1	1	0.0	0.540034
5uak_P_26	0.0	0.0		0	219.55	398.44	11.94	1.8148030061489409	0.14	0.26	50	12	1	0.58	0	37	5	8	0	0	0.08	0.08	0.33	0.5	1	0	2	0	0	0	1	1	1	1	3	0	0	0	1	0	0	0	1	0	0.13	0.472799
5uak_P_27	0.0	0.0		0	212.4	484.72	10.91	2.2821092278719397	0.19	0.28	55	22	9	0.52	0	40	6	9	0	0	0.0	0.0	0.77	0.23	0	0	2	0	0	1	0	0	0	0	2	0	1	0	0	3	3	0	1	0	0.09	0.376859
5uak_P_28	0.0	0.0		0	161.73	264.29	11.43	1.6341433252952453	0.2	0.3	49	8	1	0.31	0	40	4	5	0	0	0.14	0.07	0.36	0.43	0	0	0	1	0	0	1	1	0	2	4	1	0	0	0	1	2	0	1	0	0.0	0.393089
5uak_P_29	0.0	0.0		0	160.01	487.9	12.81	3.0491844259733774	0.08	0.14	57	22	5	0.41	0	40	6	11	0	0	0.25	0.08	0.17	0.5	2	1	1	2	0	0	1	0	0	2	2	0	0	0	0	1	0	0	0	0	0.0	0.456778
5uak_P_30	0.0	0.0		0	153.72	282.31	9.01	1.836520947176685	0.37	0.61	36	15	3	0.31	0	23	5	7	1	0	0.09	0.09	0.18	0.64	1	0	1	0	0	1	1	0	0	3	2	1	1	0	0	0	0	0	0	0	0.0	0.315335
5uak_P_31	0.0	0.0		0	152.86	285.55	13.2	1.8680491953421432	0.1	0.16	60	13	2	0.17	0	48	4	7	1	0	0.09	0.0	0.09	0.82	0	0	0	0	0	1	1	0	0	1	1	0	1	4	0	0	0	0	0	2	0.0	0.473527
5uak_P_32	0.0	0.0		0	149.42	341.04	12.54	2.2824253781287647	0.09	0.23	49	18	7	0.32	0	33	7	9	0	0	0.07	0.14	0.36	0.43	2	0	0	0	0	0	1	2	1	0	2	1	0	0	0	2	1	0	0	2	0.0	0.428449
5uak_P_33	0.0	0.0		0	145.13	205.51	10.63	1.4160407910149522	0.27	0.4	51	8	2	0.17	0	39	5	7	0	0	0.0	0.0	0.18	0.82	2	0	0	0	0	0	0	2	0	2	5	0	0	0	0	1	0	0	0	5	0.0	0.369817
5uak_P_34	0.0	0.0		0	138.54	302.84	8.54	2.1859390789663635	0.33	0.72	47	16	8	0.25	0	33	7	7	0	0	0.09	0.09	0.36	0.45	0	0	0	0	0	0	1	1	0	0	1	1	0	2	1	2	1	0	0	1	0.0	0.26679200000000003
5uak_P_35	0.0	0.0		0	131.67	168.23	9.73	1.277663856611225	0.33	0.45	40	10	0	0.33	0	34	1	5	0	0	0.2	0.0	0.1	0.7	0	0	0	2	0	1	0	0	0	4	2	0	0	1	0	0	0	0	0	0	0.0	0.325121
5uak_P_36	0.0	0.0		0	126.24	420.01	6.62	3.3270754119138157	0.52	0.64	45	15	5	0.62	0	32	5	7	1	0	0.1	0.0	0.3	0.6	2	0	0	0	0	1	1	1	0	1	0	0	1	1	0	1	0	1	0	0	0.02	0.209326
5uak_P_37	0.0	0.0		0	125.09	297.31	10.81	2.376768726516908	0.14	0.3	57	12	4	0.41	0	44	6	7	0	0	0.0	0.22	0.22	0.56	0	1	0	0	0	1	0	0	0	0	3	1	0	1	0	0	1	0	0	1	0.0	0.35081
5uak_P_38	0.0	0.0		0	124.8	241.51	8.49	1.935176282051282	0.36	0.62	49	13	3	0.41	0	39	4	5	1	0	0.0	0.11	0.33	0.56	0	0	0	0	0	0	0	0	1	0	1	0	1	1	1	1	1	1	1	0	0.0	0.264863
5uak_P_39	0.0	0.0		0	123.66	222.85	12.43	1.8021187125990616	0.1	0.18	64	6	2	0.56	0	51	6	7	0	0	0.07	0.14	0.0	0.79	2	2	0	0	0	0	1	0	0	2	4	0	0	0	0	0	0	1	0	2	0.0	0.418717
5uak_P_40	0.0	0.0		0	122.51	132.39	11.41	1.0806464778385436	0.17	0.25	47	4	0	0.2	0	37	4	5	1	0	0.0	0.0	0.19	0.81	0	0	0	0	1	0	0	1	0	5	5	0	1	2	0	0	1	0	0	0	0.0	0.37763
5uak_P_41	0.0	0.0		0	119.08	390.87	8.04	3.2824151830702046	0.27	0.32	34	10	7	0.56	0	25	4	5	0	0	0.29	0.29	0.14	0.29	1	0	0	0	0	0	2	0	0	0	0	2	0	0	1	0	0	0	1	0	0.0	0.210798
5uak_P_42	0.0	0.0		0	117.36	215.81	8.39	1.83887184730743	0.33	0.69	42	18	1	0.1	0	32	2	8	0	0	0.0	0.1	0.3	0.6	0	0	0	0	0	0	0	0	1	0	6	0	0	0	0	1	1	0	1	0	0.0	0.258911
5uak_P_43	0.0	0.0		0	110.21	296.25	7.07	2.6880500861990746	0.23	0.3	30	4	4	0.58	0	24	4	2	0	0	0.0	0.12	0.25	0.62	0	1	0	0	0	0	0	1	0	1	3	0	0	0	0	1	0	0	0	1	0.0	0.212433
5uak_P_44	0.0	0.0		0	108.77	254.64	6.22	2.341086696699457	0.45	0.85	24	8	1	0.59	0	20	1	3	0	0	0.0	0.17	0.33	0.5	0	0	0	0	0	0	0	1	0	0	0	1	0	2	1	0	0	0	1	0	0.0	0.17594200000000002
5uak_P_45	0.0	0.0		0	105.91	192.15	7.37	1.8142762723066759	0.72	0.91	30	12	6	0.18	0	18	5	7	0	0	0.38	0.12	0.25	0.25	0	1	0	2	0	1	1	0	0	1	0	0	0	0	0	1	0	1	0	0	0.0	0.175902
5uak_P_46	0.0	0.0		0	103.62	315.52	8.59	3.044972013124879	0.4	0.55	42	10	7	0.35	0	32	5	5	0	0	0.29	0.43	0.0	0.29	0	0	0	0	0	0	2	0	1	0	0	2	0	1	0	0	0	0	0	1	0.0	0.217829
5uak_P_47	0.0	0.0		0	102.76	256.19	7.74	2.493090696769171	0.46	0.83	36	12	5	0.37	0	25	5	6	0	0	0.11	0.22	0.44	0.22	0	0	0	0	0	0	1	0	1	0	1	1	0	0	0	1	3	0	0	1	0.0	0.18066
5uak_P_48	0.0	0.0		0	102.19	289.17	7.4	2.8297289362951368	0.27	0.38	31	14	5	0.21	0	20	4	6	1	0	0.12	0.12	0.62	0.12	0	0	0	1	1	0	0	3	0	0	0	1	0	0	1	0	1	0	0	0	0.0	0.155136
5uak_P_49	0.0	0.0		0	101.33	229.27	8.21	2.2626073226092966	0.5	0.64	41	12	3	0.35	0	33	3	5	0	0	0.0	0.0	0.33	0.67	1	0	0	0	0	1	0	0	0	2	1	0	0	1	1	0	1	0	1	0	0.0	0.243827
5uak_P_50	0.0	0.0		0	101.05	272.3	8.18	2.69470559129144	0.31	0.54	43	23	6	0.26	0	27	6	9	1	0	0.11	0.11	0.56	0.22	0	1	0	1	0	0	0	0	0	0	0	0	1	0	0	1	3	0	1	1	0.0	0.192797
5uak_P_51	0.0	0.0		0	100.47	215.9	7.49	2.148900169204738	0.61	0.75	29	8	2	0.33	0	21	4	4	0	0	0.14	0.29	0.14	0.43	0	0	0	0	0	0	1	0	1	1	2	1	0	0	0	1	0	0	0	0	0.0	0.199507
5uak_P_52	0.0	0.0		0	100.47	276.08	8.39	2.7478849407783406	0.37	0.71	24	10	3	0.43	0	17	2	5	0	0	0.25	0.25	0.25	0.25	0	1	0	2	0	0	0	0	0	0	0	1	0	0	0	1	0	0	1	2	0.0	0.203422
4jqi_P_0	0.0	0.0		0	744.09	1002.57	18.46	1.3473773333870902	0.05	0.1	179	58	22	0.3	0	121	26	31	1	0	0.12	0.12	0.29	0.46	1	3	2	4	1	1	1	2	1	4	6	1	1	0	3	3	2	0	1	4	0.46	0.8169529999999999
4jqi_P_1	0.0	0.0		0	551.99	1040.31	19.74	1.884653707494701	0.08	0.31	148	35	25	0.39	0	95	30	23	0	0	0.1	0.37	0.2	0.33	1	5	0	2	1	0	1	2	1	1	2	5	0	1	2	1	1	0	1	3	0.36	0.80815
4jqi_P_2	0.0	0.0		0	450.26	752.03	15.72	1.6702127659574468	0.13	0.38	98	28	13	0.46	0	67	16	14	1	0	0.12	0.19	0.38	0.31	1	2	0	2	1	1	1	5	1	0	4	2	0	1	1	0	3	0	0	1	0.3	0.706163
4jqi_P_3	0.0	0.0		0	373.19	776.28	15.33	2.080120046089124	0.07	0.14	87	28	11	0.54	0	64	11	12	0	0	0.17	0.17	0.17	0.5	1	0	0	1	0	1	2	0	1	2	1	2	1	0	3	0	0	0	2	1	0.27	0.688333
4jqi_P_4	0.0	0.0		0	318.98	612.03	14.08	1.9187096369678347	0.1	0.2	80	30	18	0.31	0	51	14	15	0	0	0.11	0.33	0.22	0.33	2	2	0	1	0	0	1	0	1	1	0	3	0	0	1	2	2	0	0	2	0.13	0.599363
4jqi_P_5	0.0	0.0		0	297.89	484.77	9.83	1.6273456645070328	0.28	0.49	63	20	5	0.5	0	43	8	12	0	0	0.07	0.07	0.4	0.47	1	0	0	1	0	2	0	0	0	0	1	1	0	1	3	1	2	0	1	1	0.18	0.4517560000000001
4jqi_P_6	0.0	0.0		0	297.63	630.78	12.01	2.1193428081846597	0.3	0.47	81	24	16	0.47	0	53	16	12	0	0	0.05	0.15	0.45	0.35	1	2	1	1	0	1	0	3	0	0	4	1	1	1	0	4	0	0	0	0	0.17	0.513587
4jqi_P_7	0.0	0.0		0	227.42	399.07	10.33	1.7547709084513237	0.18	0.34	48	10	2	0.72	0	40	3	5	0	0	0.0	0.1	0.3	0.6	1	0	1	0	0	0	0	0	0	1	2	1	0	2	0	0	1	0	1	0	0.19	0.4279850000000001
4jqi_P_8	0.0	0.0		0	166.01	367.26	10.84	2.2122763688934404	0.19	0.3	39	14	5	0.42	0	25	6	8	0	0	0.17	0.25	0.25	0.33	0	1	0	1	0	1	1	1	1	0	2	1	0	0	2	0	1	0	0	0	0.0	0.355306
4jqi_P_9	0.0	0.0		0	161.1	347.3	8.72	2.1558038485412787	0.38	0.47	36	10	8	0.36	0	26	5	5	0	0	0.27	0.18	0.09	0.45	0	0	0	1	0	0	2	0	0	0	0	2	0	0	3	0	0	0	1	2	0.0	0.291671
4jqi_P_10	0.0	0.0		0	160.76	319.62	8.53	1.988181139586962	0.27	0.49	47	11	5	0.53	0	34	6	6	1	0	0.2	0.4	0.1	0.3	0	1	0	0	0	0	2	0	0	1	0	3	1	0	0	1	0	0	0	1	0.03	0.26005300000000003
4jqi_P_11	0.0	0.0		0	155.42	236.83	12.95	1.5238064599150691	0.1	0.18	54	10	6	0.43	0	41	9	4	0	0	0.07	0.07	0.36	0.5	0	0	1	0	0	0	1	1	1	1	3	0	0	2	1	0	1	0	2	0	0.0	0.458444
4jqi_P_12	0.0	0.0		0	141.7	318.77	10.11	2.2496118560338743	0.36	0.45	48	16	5	0.54	0	33	7	8	0	0	0.3	0.2	0.2	0.3	1	0	1	0	1	0	3	0	1	1	0	1	0	1	0	0	0	0	0	0	0.01	0.304114
4jqi_P_13	0.0	0.0		0	137.3	371.49	11.85	2.7056809905316817	0.09	0.13	47	18	6	0.44	0	32	6	8	1	0	0.18	0.09	0.27	0.45	1	1	0	1	1	1	1	0	0	3	1	0	0	0	0	0	1	0	0	0	0.0	0.391852
4jqi_P_14	0.0	0.0		0	129.25	384.58	10.37	2.975473887814313	0.11	0.15	43	17	4	0.53	0	28	6	8	1	0	0.0	0.09	0.36	0.55	1	0	2	0	0	0	0	0	0	0	1	1	1	1	1	0	2	0	0	1	0.0	0.336856
4jqi_P_15	0.0	0.0		0	129.0	354.94	7.52	2.7514728682170544	0.56	0.83	32	8	9	0.35	0	22	6	4	0	0	0.0	0.43	0.14	0.43	0	2	0	0	0	0	0	0	0	0	2	1	0	0	0	0	1	0	0	1	0.0	0.221284
4jqi_P_16	0.0	0.0		0	107.82	252.72	8.81	2.343906510851419	0.19	0.27	40	18	7	0.29	0	26	6	8	0	0	0.22	0.11	0.33	0.33	2	0	1	0	0	0	2	0	1	0	0	0	0	0	0	1	1	0	0	1	0.0	0.235231
4jqi_P_17	0.0	0.0		0	101.55	260.36	7.78	2.5638601674052195	0.47	0.61	35	8	2	0.66	0	28	4	3	0	0	0.14	0.14	0.14	0.57	0	0	0	1	0	0	0	0	1	0	1	0	0	1	1	0	0	0	1	1	0.0	0.223813
