name	lig_cov	poc_cov	lig_name	4A_crit	volume	surface	depth	surf/vol	ell c/a	ell b/a	siteAtms	accept	donor	hydrophobicity	metal	Cs	Ns	Os	Ss	Xs	negAA	posAA	polarAA	apolarAA	ALA	ARG	ASN	ASP	CYS	GLN	GLU	GLY	HIS	ILE	LEU	LYS	MET	PHE	PRO	SER	THR	TRP	TYR	VAL	simpleScore	drugScore
7gqu_P_0	0.0	0.0		0	1516.22	1705.19	21.71	1.1246323092954849	0.22	0.63	272	91	49	0.4	0	177	48	45	2	0	0.12	0.2	0.32	0.36	5	4	1	4	0	2	3	5	4	5	3	4	3	4	0	4	3	0	4	1	0.65	0.7976800000000001
7gqu_P_1	0.0	0.0		0	343.3	404.34	12.22	1.1778036702592485	0.28	0.49	87	28	6	0.36	0	60	9	15	3	0	0.05	0.1	0.35	0.5	3	0	0	0	1	1	1	0	1	2	0	1	3	1	0	0	3	0	2	1	0.17	0.577353
7gqu_P_2	0.0	0.0		0	336.7	570.81	12.87	1.6953073953073952	0.25	0.6	96	22	15	0.43	0	71	11	14	0	0	0.06	0.17	0.44	0.33	0	1	0	1	1	2	0	1	0	0	1	2	0	2	1	1	1	0	2	2	0.19	0.568479
7gqu_P_3	0.0	0.0		0	313.41	459.98	15.46	1.4676621677674608	0.16	0.23	92	25	7	0.46	0	63	16	12	1	0	0.05	0.18	0.36	0.41	4	1	1	0	1	0	1	2	2	1	0	1	1	1	2	1	1	0	2	0	0.18	0.649976
7gqu_P_4	0.0	0.0		0	182.34	397.51	11.11	2.180048261489525	0.08	0.12	53	18	5	0.43	0	36	8	9	0	0	0.08	0.23	0.15	0.54	0	1	0	0	0	1	1	0	1	0	1	1	0	1	2	1	0	2	0	1	0.02	0.411775
7gqu_P_5	0.0	0.0		0	173.31	362.55	12.36	2.0919162194910847	0.17	0.26	52	16	4	0.33	0	37	5	10	0	0	0.09	0.09	0.55	0.27	0	1	0	0	0	2	1	1	0	1	0	0	0	2	0	2	1	0	0	0	0.0	0.416132
7gqu_P_6	0.0	0.0		0	148.42	254.42	8.37	1.7141894623366123	0.59	0.62	34	6	5	0.52	0	23	6	4	1	0	0.1	0.1	0.4	0.4	1	0	1	1	0	0	0	1	0	1	0	1	1	0	1	1	0	0	1	0	0.01	0.261178
7gqu_P_7	0.0	0.0		0	144.26	245.32	8.85	1.7005406904200748	0.33	0.55	39	20	5	0.22	0	26	4	9	0	0	0.0	0.09	0.55	0.36	0	0	0	0	0	3	0	0	1	1	2	0	0	1	0	2	0	0	1	0	0.0	0.269649
7gqu_P_8	0.0	0.0		0	136.13	274.2	11.38	2.014251083523103	0.19	0.25	44	11	6	0.43	0	31	7	5	1	0	0.18	0.36	0.0	0.45	0	1	0	1	0	0	1	0	1	1	2	2	1	1	0	0	0	0	0	0	0.0	0.37056
7gqu_P_9	0.0	0.0		0	127.81	242.8	6.57	1.8996948595571552	0.23	0.29	35	10	5	0.32	0	21	6	8	0	0	0.1	0.2	0.2	0.5	0	1	0	0	0	0	1	1	0	1	1	1	0	0	0	0	1	0	0	3	0.0	0.199447
7gqu_P_10	0.0	0.0		0	123.65	349.51	7.74	2.8266073594824097	0.32	0.34	51	16	6	0.55	0	31	10	9	1	0	0.09	0.36	0.09	0.45	0	3	1	1	0	0	0	0	0	0	1	1	1	0	2	0	0	0	0	1	0.0	0.22756
7gqu_P_11	0.0	0.0		0	113.66	114.27	11.58	1.0053668836881928	0.15	0.26	58	4	2	0.33	0	47	4	6	1	0	0.0	0.0	0.25	0.75	0	0	1	0	1	0	0	1	0	4	5	0	1	0	0	0	0	0	1	2	0.0	0.375892
7yg5_P_0	0.0	0.0		0	1339.49	1532.87	36.0	1.1443683790099215	0.07	0.22	223	48	7	0.68	0	186	12	22	3	0	0.0	0.04	0.29	0.67	2	1	4	0	2	0	0	2	1	5	9	0	2	11	0	3	2	2	2	4	0.76	0.808499
7yg5_P_1	0.0	0.0		0	864.73	966.46	26.07	1.1176436575578506	0.09	0.26	177	65	27	0.24	0	115	25	36	1	0	0.16	0.11	0.32	0.41	4	3	4	1	0	1	5	0	0	4	2	1	1	2	0	6	1	1	0	1	0.5	0.8444709999999999
7yg5_P_2	0.0	0.0		0	685.17	905.3	22.76	1.3212779310244174	0.09	0.23	133	32	13	0.61	0	97	16	20	0	0	0.08	0.23	0.23	0.46	0	3	1	1	0	1	1	0	0	2	1	3	1	4	0	1	1	1	2	3	0.54	0.851507
7yg5_P_3	0.0	0.0		0	586.29	597.04	16.33	1.0183356359480804	0.15	0.28	95	20	3	0.59	0	80	5	10	0	0	0.0	0.04	0.29	0.68	2	1	3	0	0	1	0	0	0	3	6	0	0	4	0	1	2	1	1	3	0.46	0.789353
7yg5_P_4	0.0	0.0		0	576.81	721.01	15.99	1.249995665817167	0.46	0.7	133	30	8	0.52	0	100	17	14	2	0	0.0	0.1	0.3	0.6	3	1	1	0	0	0	0	1	1	2	5	1	4	0	1	1	2	0	4	3	0.43	0.778799
7yg5_P_5	0.0	0.0		0	570.74	601.49	21.44	1.053877422293864	0.18	0.21	158	46	10	0.14	0	114	16	26	2	0	0.1	0.1	0.18	0.62	3	3	1	2	0	2	2	1	0	6	6	1	4	0	3	1	2	1	0	1	0.27	0.842475
7yg5_P_6	0.0	0.0		0	562.96	854.65	16.06	1.5181362796646296	0.18	0.56	126	50	21	0.19	0	78	21	25	2	0	0.2	0.3	0.23	0.27	0	4	1	2	1	2	4	1	3	3	2	2	1	0	1	1	1	0	0	1	0.29	0.738568
7yg5_P_7	0.0	0.0		0	527.24	630.56	16.14	1.1959638874137015	0.12	0.32	107	16	1	0.74	0	89	7	11	0	0	0.0	0.0	0.08	0.92	0	0	0	0	0	0	0	1	0	3	8	0	0	7	0	0	1	0	0	4	0.48	0.771331
7yg5_P_8	0.0	0.0		0	441.72	625.02	13.8	1.4149687584895407	0.26	0.42	96	38	6	0.39	0	68	9	18	1	0	0.1	0.05	0.33	0.52	2	1	1	0	1	0	2	1	0	2	2	0	0	3	0	3	0	0	1	2	0.27	0.683416
7yg5_P_9	0.0	0.0		0	429.33	548.65	16.62	1.2779214124333262	0.18	0.55	108	32	7	0.37	0	75	13	20	0	0	0.13	0.17	0.22	0.48	1	2	2	0	0	0	3	0	0	3	4	2	1	1	0	0	1	0	2	1	0.25	0.7400220000000001
7yg5_P_10	0.0	0.0		0	366.88	491.54	9.46	1.3397841255996512	0.15	0.22	61	10	2	0.82	0	50	5	6	0	0	0.0	0.0	0.36	0.64	0	0	1	0	0	0	0	1	0	1	3	0	0	3	1	0	1	1	2	0	0.37	0.5194489999999999
7yg5_P_11	0.0	0.0		0	354.25	525.48	13.83	1.4833592095977417	0.11	0.27	78	24	8	0.47	0	57	9	12	0	0	0.06	0.18	0.41	0.35	0	1	0	0	0	1	1	2	1	2	2	1	0	0	1	0	2	0	2	1	0.22	0.614466
7yg5_P_12	0.0	0.0		0	340.89	615.36	12.92	1.8051570887969728	0.06	0.15	63	24	11	0.44	0	44	5	14	0	0	0.0	0.18	0.47	0.35	0	1	1	0	1	1	0	0	0	1	1	2	0	1	0	2	1	0	2	3	0.2	0.576709
7yg5_P_13	0.0	0.0		0	335.3	520.05	12.77	1.5509991052788543	0.08	0.09	64	11	0	0.81	0	55	3	5	1	0	0.0	0.0	0.07	0.93	1	0	0	0	0	0	0	1	0	3	4	0	1	3	0	0	0	0	0	1	0.34	0.605527
7yg5_P_14	0.0	0.0		0	314.4	413.5	11.27	1.315203562340967	0.2	0.28	64	9	0	0.8	0	57	2	4	1	0	0.0	0.0	0.0	1.0	0	0	0	0	0	0	0	0	0	2	5	0	1	4	0	0	0	0	0	2	0.32	0.5424640000000001
7yg5_P_15	0.0	0.0		0	304.44	521.93	10.22	1.7143936407830769	0.25	0.3	68	19	9	0.45	0	47	10	11	0	0	0.12	0.18	0.35	0.35	0	1	3	1	0	0	1	0	2	0	0	0	0	1	4	0	2	1	1	0	0.17	0.450063
7yg5_P_16	0.0	0.0		0	289.62	460.63	17.15	1.5904633657896554	0.09	0.23	97	26	9	0.22	0	66	15	16	0	0	0.04	0.21	0.21	0.54	3	4	1	1	0	0	0	1	0	1	2	1	0	3	0	0	2	0	1	4	0.06	0.698783
7yg5_P_17	0.0	0.0		0	287.19	393.08	15.46	1.3687106097008948	0.13	0.36	67	18	12	0.14	0	47	9	10	1	0	0.18	0.18	0.24	0.41	0	1	1	1	1	1	2	0	0	2	0	2	1	3	0	0	0	0	1	1	0.03	0.636459
7yg5_P_18	0.0	0.0		0	281.84	334.38	11.87	1.1864178257167188	0.35	0.44	59	24	5	0.28	0	42	5	10	2	0	0.07	0.0	0.4	0.53	2	0	1	1	0	2	0	0	0	0	1	0	2	0	1	2	1	1	0	1	0.08	0.5247149999999999
7yg5_P_19	0.0	0.0		0	280.14	385.01	13.37	1.3743485400157065	0.18	0.37	70	28	5	0.13	0	49	7	14	0	0	0.18	0.12	0.29	0.41	1	0	1	1	0	0	2	1	0	2	1	2	0	2	0	1	1	0	1	1	0.02	0.561905
7yg5_P_20	0.0	0.0		0	276.74	304.57	12.65	1.1005637060056368	0.18	0.38	57	22	3	0.4	0	39	6	12	0	0	0.0	0.0	0.41	0.59	0	0	2	0	0	0	0	2	0	0	3	0	0	3	1	1	2	1	0	2	0.12	0.553833
7yg5_P_21	0.0	0.0		0	261.92	417.08	9.77	1.5923946243127671	0.2	0.35	52	26	10	0.14	0	30	8	13	1	0	0.25	0.0	0.5	0.25	1	0	2	1	1	1	3	2	0	0	0	0	0	0	2	1	1	0	0	1	0.0	0.373767
7yg5_P_22	0.0	0.0		0	261.19	401.64	12.65	1.5377311535663694	0.2	0.3	68	18	7	0.31	0	47	10	11	0	0	0.12	0.25	0.19	0.44	0	3	1	1	0	1	1	0	0	2	2	1	0	0	1	0	1	0	0	2	0.07	0.525363
7yg5_P_23	0.0	0.0		0	249.04	341.2	14.88	1.3700610343719883	0.14	0.48	90	24	6	0.25	0	62	13	15	0	0	0.11	0.16	0.21	0.53	1	3	0	1	1	0	1	1	0	2	1	0	0	2	1	1	1	0	0	3	0.03	0.605248
7yg5_P_24	0.0	0.0		0	245.89	272.97	12.45	1.1101305461791862	0.14	0.4	55	25	3	0.28	0	40	4	10	1	0	0.0	0.0	0.44	0.56	0	0	1	0	0	0	0	2	0	2	3	0	1	1	0	1	2	1	1	1	0.04	0.5203409999999999
7yg5_P_25	0.0	0.0		0	240.54	304.38	14.01	1.2654028436018958	0.13	0.45	67	8	2	0.64	0	57	5	4	1	0	0.0	0.11	0.11	0.78	1	1	1	0	1	0	0	0	0	3	4	1	0	4	1	0	0	0	0	1	0.18	0.577231
7yg5_P_26	0.0	0.0		0	229.36	323.51	12.37	1.4104900592954306	0.11	0.14	71	20	11	0.21	0	50	11	9	1	0	0.21	0.21	0.21	0.36	0	1	0	1	0	2	2	0	1	0	3	1	1	0	0	1	0	0	0	1	0.0	0.477245
7yg5_P_27	0.0	0.0		0	229.12	377.57	11.99	1.64791375698324	0.13	0.19	46	9	2	0.78	0	38	2	5	1	0	0.1	0.0	0.1	0.8	0	0	0	0	0	0	1	0	0	2	1	0	1	3	0	0	1	0	0	1	0.22	0.5
7yg5_P_28	0.0	0.0		0	210.17	326.52	10.23	1.5535994670980635	0.37	0.46	46	6	1	0.72	0	40	3	3	0	0	0.0	0.0	0.18	0.82	0	0	0	0	0	0	0	1	0	1	4	0	1	1	0	0	0	0	1	2	0.17	0.419475
7yg5_P_29	0.0	0.0		0	197.53	315.87	14.62	1.5990988710575609	0.1	0.12	56	30	6	0.25	0	37	4	14	1	0	0.08	0.0	0.58	0.33	0	0	1	0	1	2	1	0	0	1	1	0	0	1	0	1	2	0	0	1	0.0	0.538764
7yg5_P_30	0.0	0.0		0	182.71	521.51	9.3	2.8543046357615887	0.25	0.74	46	16	5	0.66	0	33	6	7	0	0	0.0	0.09	0.27	0.64	0	0	1	0	0	0	0	1	1	2	1	0	0	2	0	0	0	0	1	2	0.12	0.352054
7yg5_P_31	0.0	0.0		0	178.1	258.08	9.19	1.4490735541830433	0.48	0.53	27	2	0	0.88	0	25	1	1	0	0	0.0	0.0	0.0	1.0	1	0	0	0	0	0	0	0	0	3	3	0	1	2	0	0	0	0	0	0	0.19	0.348007
7yg5_P_32	0.0	0.0		0	168.62	269.4	10.29	1.597675246115526	0.3	0.79	47	12	7	0.3	0	34	6	7	0	0	0.23	0.15	0.31	0.31	0	0	0	0	0	2	3	1	2	0	1	0	0	2	0	0	1	0	0	1	0.0	0.334465
7yg5_P_33	0.0	0.0		0	165.95	250.43	8.35	1.509068996685749	0.42	0.57	38	13	4	0.37	0	26	5	7	0	0	0.2	0.0	0.3	0.5	1	0	1	1	0	2	1	0	0	0	1	0	1	1	0	0	0	0	0	1	0.0	0.28828200000000004
7yg5_P_34	0.0	0.0		0	157.44	243.3	6.75	1.5453506097560976	0.36	0.47	30	3	2	0.78	0	23	1	5	1	0	0.0	0.0	0.22	0.78	1	0	0	0	0	0	0	0	0	2	1	0	1	1	1	1	1	0	0	0	0.13	0.249802
7yg5_P_35	0.0	0.0		0	153.56	357.23	8.58	2.3263219588434487	0.49	0.54	32	4	7	0.66	0	24	6	2	0	0	0.0	0.11	0.22	0.67	2	0	0	0	0	1	0	0	0	0	1	1	0	0	1	0	0	0	1	2	0.07	0.301739
7yg5_P_36	0.0	0.0		0	141.89	211.67	5.68	1.4917894143350483	0.25	0.36	40	14	4	0.1	0	24	7	9	0	0	0.0	0.0	0.33	0.67	1	0	1	0	0	1	0	1	0	1	0	0	1	2	1	0	0	1	1	1	0.0	0.198743
7yg5_P_37	0.0	0.0		0	134.85	339.3	8.35	2.5161290322580645	0.24	0.45	32	8	7	0.48	0	21	7	4	0	0	0.09	0.27	0.45	0.18	1	1	1	1	0	0	0	2	0	0	1	2	0	0	0	1	1	0	0	0	0.0	0.21368
7yg5_P_38	0.0	0.0		0	131.69	360.64	8.87	2.7385526615536486	0.32	0.46	40	12	3	0.68	0	29	7	4	0	0	0.0	0.1	0.2	0.7	2	0	0	0	0	0	0	1	1	0	3	0	0	1	0	0	1	0	0	1	0.05	0.294314
7yg5_P_39	0.0	0.0		0	128.53	247.28	8.04	1.923908815062632	0.42	0.76	27	2	0	0.9	0	26	0	1	0	0	0.0	0.0	0.0	1.0	0	0	0	0	0	0	0	0	0	2	2	0	1	2	0	0	0	0	0	1	0.13	0.264415
7yg5_P_40	0.0	0.0		0	126.34	170.01	11.81	1.3456545828716162	0.14	0.2	51	11	2	0.13	0	42	2	4	3	0	0.08	0.0	0.08	0.85	0	0	0	0	0	0	1	0	0	1	3	0	3	1	0	0	1	1	0	2	0.0	0.395488
7yg5_P_41	0.0	0.0		0	126.34	298.46	10.44	2.362355548519867	0.27	0.34	44	9	5	0.42	0	34	4	5	1	0	0.0	0.15	0.15	0.69	2	0	0	0	0	0	0	0	1	1	4	1	1	1	0	1	1	0	0	0	0.0	0.346102
7yg5_P_42	0.0	0.0		0	122.46	170.25	10.14	1.3902498775110241	0.22	0.3	47	14	3	0.11	0	35	4	7	1	0	0.0	0.0	0.25	0.75	1	0	1	0	1	1	0	0	0	1	3	0	0	1	0	0	0	0	0	3	0.0	0.332865
7yg5_P_43	0.0	0.0		0	120.27	179.0	7.54	1.488317951276295	0.5	0.73	37	11	3	0.36	0	26	5	5	1	0	0.0	0.1	0.2	0.7	1	0	0	0	0	0	0	0	1	0	1	0	1	0	2	1	1	0	0	2	0.0	0.239885
7yg5_P_44	0.0	0.0		0	120.03	271.78	7.99	2.264267266516704	0.43	0.65	46	8	9	0.23	0	32	7	7	0	0	0.1	0.3	0.3	0.3	0	0	0	1	0	0	0	1	1	2	1	2	0	0	0	2	0	0	0	0	0.0	0.211952
7yg5_P_45	0.0	0.0		0	117.35	199.06	8.23	1.6962931401789518	0.33	0.66	36	22	2	0.04	0	20	4	12	0	0	0.5	0.0	0.3	0.2	1	0	0	1	0	0	4	2	0	0	0	0	1	0	0	0	1	0	0	0	0.0	0.201479
7yg5_P_46	0.0	0.0		0	112.25	214.71	8.14	1.9127839643652558	0.2	0.21	39	17	3	0.29	0	26	5	7	1	0	0.08	0.0	0.33	0.58	1	0	0	0	0	1	1	0	0	0	2	0	2	1	1	1	2	0	0	0	0.0	0.244859
7yg5_P_47	0.0	0.0		0	111.28	248.16	7.36	2.230050323508268	0.48	0.51	27	12	1	0.43	0	21	1	5	0	0	0.29	0.29	0.14	0.29	0	0	0	1	0	0	1	0	1	1	1	1	0	0	0	1	0	0	0	0	0.0	0.184246
7yg5_P_48	0.0	0.0		0	101.8	219.0	6.66	2.151277013752456	0.6	0.71	24	8	0	0.65	0	19	1	4	0	0	0.0	0.0	0.25	0.75	0	0	0	0	0	1	0	1	0	1	4	0	0	1	0	0	0	0	0	0	0.0	0.200842
7yg5_P_49	0.0	0.0		0	100.1	123.38	8.09	1.2325674325674325	0.59	0.73	47	12	3	0.12	0	32	8	7	0	0	0.18	0.27	0.09	0.45	1	3	0	1	0	0	1	0	0	0	2	0	0	2	0	1	0	0	0	0	0.0	0.221167
8aq6_P_0	0.0	0.0		0	365.5	351.85	14.91	0.96265389876881	0.19	0.3	88	14	13	0.4	0	69	11	8	0	0	0.04	0.09	0.22	0.65	0	1	1	1	0	1	0	0	1	0	4	0	0	4	1	2	0	0	1	6	0.21	0.683135
8aq6_P_1	0.0	0.0		0	223.49	428.04	10.69	1.9152534789028592	0.3	0.85	47	19	1	0.57	0	35	3	8	1	0	0.14	0.0	0.29	0.57	0	0	0	1	0	1	1	1	0	2	2	0	1	1	1	1	0	0	1	1	0.13	0.43558
8aq6_P_2	0.0	0.0		0	189.89	140.81	11.24	0.7415345726473223	0.4	0.56	74	18	5	0.08	0	53	12	9	0	0	0.17	0.11	0.28	0.44	0	1	0	3	0	0	0	1	1	4	1	0	0	1	0	0	1	0	3	2	0.0	0.4121770000000001
8aq6_P_3	0.0	0.0		0	157.25	409.92	10.41	2.606804451510334	0.18	0.32	45	11	3	0.72	0	33	5	6	1	0	0.09	0.18	0.27	0.45	0	1	0	1	0	0	0	2	0	1	0	1	1	1	1	0	0	0	1	1	0.1	0.35277
8aq6_P_4	0.0	0.0		0	137.34	268.91	10.9	1.9579874763361005	0.17	0.46	67	14	5	0.3	0	49	11	7	0	0	0.0	0.08	0.38	0.54	0	1	0	0	0	0	0	3	0	1	2	0	0	1	1	0	0	1	2	1	0.0	0.360671
8f4s_P_0	0.0	0.0		0	637.63	800.91	14.07	1.2560732713329046	0.19	0.42	134	31	12	0.52	0	98	16	18	2	0	0.07	0.07	0.34	0.52	0	0	0	2	1	1	0	3	1	6	2	1	1	3	0	3	1	1	1	2	0.47	0.755486
8f4s_P_1	0.0	0.0		0	511.3	825.14	20.45	1.6138079405437118	0.07	0.18	120	40	19	0.34	0	78	22	20	0	0	0.07	0.22	0.3	0.41	2	2	3	0	0	2	2	1	0	3	5	4	1	0	0	1	0	0	1	0	0.3	0.818982
8f4s_P_2	0.0	0.0		0	331.58	502.17	13.82	1.5144761445201762	0.15	0.55	86	37	9	0.22	0	55	14	16	1	0	0.18	0.05	0.45	0.32	2	0	2	4	0	0	0	4	1	0	1	0	1	1	1	1	1	0	2	1	0.1	0.595417
8f4s_P_3	0.0	0.0		0	299.84	431.78	12.42	1.4400346851654215	0.17	0.31	63	18	12	0.52	0	45	9	8	1	0	0.21	0.14	0.57	0.07	0	0	0	1	1	0	2	0	1	0	1	1	0	0	0	3	2	0	2	0	0.19	0.46217
8f4s_P_4	0.0	0.0		0	296.51	550.57	15.45	1.856834508111025	0.09	0.11	78	20	13	0.45	0	53	13	11	1	0	0.12	0.19	0.25	0.44	1	2	2	1	0	2	1	0	0	1	0	1	2	0	0	0	0	2	0	1	0.16	0.643727
8f4s_P_5	0.0	0.0		0	260.42	606.2	11.57	2.3277782044389834	0.16	0.18	71	20	13	0.49	0	47	13	11	0	0	0.23	0.38	0.23	0.15	0	0	2	0	0	0	3	0	1	0	1	4	0	0	0	0	1	0	0	1	0.14	0.422971
8f4s_P_6	0.0	0.0		0	204.16	301.39	8.33	1.4762441222570533	0.13	0.19	84	16	7	0.43	0	63	11	10	0	0	0.18	0.12	0.35	0.35	0	0	0	2	0	0	1	1	0	3	0	2	1	2	0	2	2	0	1	0	0.05	0.296445
8f4s_P_7	0.0	0.0		0	158.72	234.49	8.29	1.477381552419355	0.43	0.74	31	7	3	0.55	0	24	2	4	1	0	0.0	0.0	0.22	0.78	1	0	0	0	0	1	0	0	0	1	1	0	1	0	1	0	1	0	0	2	0.04	0.301889
8f4s_P_8	0.0	0.0		0	154.56	382.41	8.21	2.474184782608696	0.52	0.86	49	17	6	0.48	0	32	6	10	1	0	0.11	0.11	0.44	0.33	0	0	1	1	0	1	0	0	0	0	0	1	1	1	1	2	0	0	0	0	0.0	0.249785
8f4s_P_9	0.0	0.0		0	142.91	317.91	7.82	2.224546917640473	0.2	0.39	49	10	3	0.61	0	38	5	6	0	0	0.17	0.08	0.25	0.5	1	0	1	1	0	0	1	0	1	0	2	0	1	0	0	1	0	1	1	1	0.04	0.250752
8f4s_P_10	0.0	0.0		0	141.63	381.54	7.92	2.69392077949587	0.2	0.54	54	16	5	0.55	0	38	7	8	1	0	0.0	0.08	0.5	0.42	0	1	1	0	0	0	0	2	0	0	1	0	1	0	2	0	2	0	1	1	0.02	0.242607
8f4s_P_11	0.0	0.0		0	141.12	268.99	11.99	1.906108276643991	0.17	0.38	66	16	8	0.33	0	45	12	9	0	0	0.06	0.06	0.5	0.38	1	1	3	1	0	1	0	0	0	1	2	0	0	0	1	2	1	0	1	1	0.0	0.390521
8f4s_P_12	0.0	0.0		0	126.14	314.09	7.77	2.490011098779134	0.11	0.13	34	8	9	0.39	0	23	7	4	0	0	0.0	0.2	0.4	0.4	0	2	3	0	0	0	0	0	0	0	1	0	0	0	1	0	0	0	1	2	0.0	0.223511
8f4s_P_13	0.0	0.0		0	124.61	64.43	10.37	0.5170532060027285	0.12	0.2	71	10	1	0.0	0	53	8	9	1	0	0.04	0.0	0.26	0.7	2	0	1	1	1	0	0	3	0	4	5	0	1	0	1	1	0	1	0	2	0.0	0.341918
8f4s_P_14	0.0	0.0		0	105.73	236.83	6.72	2.2399508181216308	0.54	0.83	38	10	3	0.43	0	28	4	6	0	0	0.0	0.22	0.22	0.56	0	1	1	0	0	0	0	0	0	0	4	1	0	0	0	0	1	0	0	1	0.0	0.19315
8jp0_P_0	0.0	0.0		0	3243.36	3712.22	40.55	1.1445599625080165	0.32	0.5	646	191	53	0.44	0	453	76	112	5	0	0.14	0.09	0.3	0.47	11	4	5	6	2	3	12	5	2	8	10	5	3	10	1	9	6	3	7	13	0.66	0.808304
8jp0_P_1	0.0	0.0		0	816.15	1005.08	24.34	1.2314893095631931	0.1	0.25	222	75	21	0.25	0	154	27	39	2	0	0.12	0.12	0.35	0.4	4	1	0	4	2	1	2	6	2	4	3	3	0	1	3	1	4	1	3	3	0.48	0.8461209999999999
8jp0_P_2	0.0	0.0		0	563.03	971.65	14.32	1.7257517361419463	0.09	0.35	145	35	26	0.44	0	95	30	19	1	0	0.1	0.26	0.26	0.39	2	6	2	2	0	1	1	4	1	4	0	1	1	2	1	1	0	1	0	1	0.38	0.7229399999999999
8jp0_P_3	0.0	0.0		0	386.64	506.23	19.46	1.3093058141940823	0.23	0.42	164	36	12	0.14	0	124	21	19	0	0	0.18	0.12	0.12	0.58	0	1	0	0	0	0	6	0	1	3	6	2	0	3	3	0	3	0	1	4	0.13	0.7865770000000001
8jp0_P_4	0.0	0.0		0	366.89	640.38	10.47	1.745427784894655	0.15	0.47	78	26	21	0.4	0	51	14	12	1	0	0.06	0.18	0.47	0.29	0	3	1	0	1	2	1	0	0	0	0	0	1	0	2	2	1	0	1	2	0.21	0.492415
8jp0_P_5	0.0	0.0		0	355.05	587.94	17.09	1.6559357836924378	0.34	0.66	102	24	6	0.35	0	77	10	15	0	0	0.09	0.18	0.32	0.41	0	1	1	1	0	0	1	1	0	5	1	3	0	1	0	0	4	0	1	2	0.18	0.7176130000000001
8jp0_P_6	0.0	0.0		0	353.73	494.96	15.68	1.3992593220818137	0.16	0.43	78	30	9	0.33	0	51	11	16	0	0	0.14	0.1	0.33	0.43	2	0	0	2	0	0	1	1	1	0	1	1	0	2	1	5	1	0	0	3	0.17	0.681631
8jp0_P_7	0.0	0.0		0	343.95	474.36	7.73	1.3791539467945924	0.21	0.38	57	28	2	0.39	0	39	3	15	0	0	0.5	0.06	0.19	0.25	2	1	1	3	0	0	5	0	0	2	0	0	0	0	0	1	1	0	0	0	0.18	0.355793
8jp0_P_8	0.0	0.0		0	331.35	463.21	20.38	1.3979477893466121	0.09	0.14	120	32	9	0.23	0	88	13	19	0	0	0.07	0.0	0.33	0.59	4	0	0	1	0	0	1	3	0	1	4	0	0	1	2	3	2	1	1	3	0.11	0.78743
8jp0_P_9	0.0	0.0		0	290.35	362.92	13.71	1.2499397279145859	0.26	0.66	94	23	6	0.19	0	73	8	13	0	0	0.13	0.04	0.26	0.57	0	1	0	1	1	0	2	0	0	5	2	0	1	2	0	1	3	0	1	3	0.05	0.597464
8jp0_P_10	0.0	0.0		0	231.12	579.75	13.86	2.5084371754932504	0.14	0.28	74	24	12	0.36	0	50	12	12	0	0	0.08	0.31	0.38	0.23	0	2	0	0	0	1	1	2	0	1	1	2	0	0	1	0	1	0	1	0	0.05	0.514299
8jp0_P_11	0.0	0.0		0	196.14	381.27	10.76	1.943866625879474	0.19	0.22	57	13	0	0.72	0	44	5	7	1	0	0.0	0.0	0.17	0.83	0	0	0	0	0	0	0	1	0	0	2	0	1	3	0	1	0	0	0	4	0.15	0.425307
8jp0_P_12	0.0	0.0		0	161.16	219.75	8.3	1.3635517498138496	0.49	0.69	28	4	0	0.76	0	25	1	2	0	0	0.0	0.0	0.0	1.0	1	0	0	0	0	0	0	0	0	2	3	0	0	1	0	0	0	0	0	0	0.13	0.302792
8jp0_P_13	0.0	0.0		0	152.7	346.05	8.76	2.2662082514734783	0.37	0.62	44	12	4	0.61	0	32	6	6	0	0	0.11	0.22	0.22	0.44	1	0	0	0	0	0	1	0	1	0	0	1	0	0	0	1	1	0	0	3	0.05	0.285032
8jp0_P_14	0.0	0.0		0	144.05	334.22	9.55	2.320166608816383	0.44	0.7	45	14	5	0.46	0	30	6	9	0	0	0.17	0.08	0.17	0.58	3	0	0	0	0	1	2	1	1	0	0	0	0	1	0	0	0	0	0	3	0.0	0.322333
8jp0_P_15	0.0	0.0		0	139.54	386.66	13.03	2.7709617314031822	0.1	0.14	52	8	7	0.68	0	39	8	5	0	0	0.1	0.2	0.1	0.6	2	1	0	0	0	1	1	0	0	0	0	1	0	3	0	0	0	0	0	1	0.07	0.454354
8jp0_P_16	0.0	0.0		0	130.7	101.23	11.7	0.7745218056618209	0.13	0.39	69	18	5	0.0	0	42	7	20	0	0	0.12	0.0	0.65	0.24	1	0	4	1	0	0	1	0	0	2	0	0	0	0	0	6	1	0	0	1	0.0	0.346943
8jp0_P_17	0.0	0.0		0	127.5	281.89	8.06	2.2109019607843137	0.27	0.49	36	8	2	0.47	0	27	5	4	0	0	0.12	0.25	0.0	0.62	0	1	0	0	0	0	1	0	0	1	1	1	0	0	2	0	0	1	0	0	0.0	0.258279
8jp0_P_18	0.0	0.0		0	126.0	389.12	13.92	3.0882539682539685	0.07	0.12	66	26	8	0.32	0	43	10	13	0	0	0.12	0.12	0.38	0.38	1	1	0	1	0	0	1	5	0	1	2	1	0	0	1	0	0	0	1	1	0.0	0.459189
8jp0_P_19	0.0	0.0		0	122.61	319.32	7.56	2.6043552728162465	0.25	0.43	37	14	2	0.64	0	28	3	6	0	0	0.0	0.11	0.33	0.56	1	1	0	0	0	0	0	0	0	1	2	0	0	0	0	0	2	0	1	1	0.02	0.231762
8jp0_P_20	0.0	0.0		0	112.83	231.72	8.69	2.0537091199149162	0.36	0.49	37	12	3	0.44	0	25	5	7	0	0	0.0	0.27	0.45	0.27	1	1	1	0	0	1	0	2	0	0	1	2	1	0	0	0	1	0	0	0	0.0	0.225567
8jp0_P_21	0.0	0.0		0	105.5	236.82	8.22	2.244739336492891	0.19	0.37	27	8	2	0.67	0	22	1	4	0	0	0.0	0.0	0.22	0.78	0	0	0	0	0	0	0	0	0	1	2	0	0	2	0	1	0	0	1	2	0.0	0.25219
8qni_P_0	0.0	0.0		0	2394.03	2915.74	27.48	1.2179212457655082	0.31	0.49	518	164	63	0.38	0	354	73	85	6	0	0.09	0.15	0.34	0.42	5	5	3	4	4	5	5	2	2	6	12	7	4	6	4	7	7	2	5	1	0.64	0.809671
8qni_P_1	0.0	0.0		0	355.81	554.61	12.72	1.5587251623057252	0.07	0.08	99	24	13	0.39	0	69	16	14	0	0	0.16	0.16	0.32	0.37	1	2	2	2	0	0	1	2	0	2	0	1	0	2	0	0	1	1	1	1	0.2	0.58176
8qni_P_2	0.0	0.0		0	295.27	586.55	12.56	1.9864869441528088	0.07	0.17	74	20	12	0.52	0	49	12	13	0	0	0.06	0.19	0.5	0.25	0	1	1	0	0	2	1	1	1	1	1	1	0	1	0	3	0	0	1	1	0.19	0.512035
8qni_P_3	0.0	0.0		0	231.78	386.41	14.75	1.6671412546380189	0.12	0.31	99	24	17	0.2	0	67	18	14	0	0	0.0	0.21	0.32	0.47	0	1	2	0	0	2	0	1	1	1	3	2	0	2	2	0	1	1	0	0	0.0	0.5848260000000001
8qni_P_4	0.0	0.0		0	173.44	267.53	10.82	1.5424930811808115	0.28	0.34	64	18	6	0.33	0	47	8	9	0	0	0.07	0.07	0.36	0.5	0	0	1	1	0	0	0	0	1	1	3	0	0	2	1	1	1	0	2	0	0.0	0.387752
8qni_P_5	0.0	0.0		0	142.63	235.92	8.44	1.6540699712542943	0.18	0.39	41	18	5	0.32	0	31	3	7	0	0	0.18	0.09	0.36	0.36	1	0	0	1	0	0	1	1	0	1	0	1	0	1	1	0	1	0	2	0	0.0	0.253632
8qni_P_6	0.0	0.0		0	138.71	245.59	9.03	1.7705284406315334	0.35	0.51	45	6	0	0.77	0	35	3	6	1	0	0.14	0.0	0.14	0.71	0	0	0	1	0	0	0	0	0	0	1	0	1	0	1	0	0	1	1	1	0.1	0.306841
8qni_P_7	0.0	0.0		0	121.9	233.0	5.88	1.911402789171452	0.26	0.57	31	12	1	0.46	0	24	2	4	1	0	0.11	0.0	0.44	0.44	0	0	0	1	1	0	0	0	0	1	1	0	0	0	2	1	1	0	1	0	0.0	0.169454
8qni_P_8	0.0	0.0		0	106.39	225.84	8.86	2.1227558981107246	0.32	0.49	37	13	4	0.45	0	26	4	6	1	0	0.11	0.11	0.22	0.56	3	0	0	1	0	1	0	0	0	1	0	1	1	0	0	0	1	0	0	0	0.0	0.262194
8qni_P_9	0.0	0.0		0	104.67	321.55	8.32	3.0720359224228533	0.25	0.33	40	10	7	0.35	0	24	9	7	0	0	0.11	0.0	0.56	0.33	0	0	0	1	1	2	0	2	0	1	1	0	0	0	0	0	0	1	0	0	0.0	0.216684
8uk6_P_0	0.0	0.0		0	1254.08	1480.68	20.2	1.1806902270987498	0.07	0.19	290	82	42	0.31	0	201	43	44	2	0	0.07	0.16	0.34	0.43	0	4	2	0	0	2	4	3	2	6	4	3	2	3	3	5	4	1	3	5	0.61	0.801908
8uk6_P_1	0.0	0.0		0	808.5	846.45	29.15	1.0469387755102042	0.07	0.2	197	62	29	0.29	0	132	31	30	4	0	0.07	0.18	0.4	0.36	1	4	2	3	2	3	0	2	3	1	5	1	2	3	2	4	2	1	3	1	0.49	0.8619389999999999
8uk6_P_2	0.0	0.0		0	704.11	965.52	18.28	1.37126301288151	0.2	0.56	169	48	18	0.3	0	121	21	25	2	0	0.09	0.14	0.31	0.46	1	1	2	1	0	1	2	1	0	4	1	4	2	2	5	2	3	0	2	1	0.43	0.813399
8uk6_P_3	0.0	0.0		0	427.75	582.36	19.63	1.3614494447691408	0.1	0.19	102	36	10	0.28	0	66	16	19	1	0	0.18	0.21	0.36	0.25	0	2	4	2	1	0	3	3	0	1	3	4	1	0	1	1	1	1	0	0	0.21	0.778875
8uk6_P_4	0.0	0.0		0	337.23	559.13	17.65	1.6580078877917148	0.13	0.2	76	20	4	0.6	0	56	8	12	0	0	0.06	0.17	0.33	0.44	0	0	2	0	0	0	1	1	0	0	3	3	0	0	1	2	1	0	0	4	0.26	0.7273430000000001
8uk6_P_5	0.0	0.0		0	300.03	693.62	16.91	2.311835483118355	0.1	0.35	114	51	15	0.2	0	74	17	23	0	0	0.32	0.18	0.27	0.23	1	1	2	2	0	0	5	0	2	0	0	1	0	2	2	0	1	0	3	0	0.06	0.662127
8uk6_P_6	0.0	0.0		0	292.81	494.61	13.28	1.6891841125644615	0.1	0.18	64	22	9	0.43	0	46	7	11	0	0	0.07	0.07	0.4	0.47	2	1	1	0	0	1	1	0	0	2	1	0	0	2	0	2	1	0	1	0	0.15	0.574661
8uk6_P_7	0.0	0.0		0	248.73	395.66	9.18	1.5907208619788529	0.35	0.52	48	14	3	0.55	0	39	2	7	0	0	0.0	0.0	0.42	0.58	1	0	0	0	0	1	0	2	0	1	1	0	1	3	0	1	0	0	1	0	0.15	0.40105
8uk6_P_8	0.0	0.0		0	222.95	455.55	14.8	2.0432832473648803	0.14	0.25	88	26	6	0.37	0	60	14	12	2	0	0.11	0.33	0.22	0.33	2	4	0	1	2	0	1	0	1	0	1	1	0	0	0	1	0	1	1	2	0.05	0.5635789999999999
8uk6_P_9	0.0	0.0		0	212.34	522.22	12.16	2.4593576339832346	0.11	0.18	66	22	10	0.48	0	43	12	11	0	0	0.14	0.07	0.43	0.36	0	1	1	0	0	0	2	2	0	0	2	0	1	1	0	1	2	0	0	1	0.08	0.455306
8uk6_P_10	0.0	0.0		0	205.29	340.75	11.7	1.6598470456427494	0.2	0.33	53	18	3	0.4	0	38	6	9	0	0	0.09	0.18	0.27	0.45	0	0	1	0	0	0	1	0	2	0	3	0	0	1	0	1	0	0	1	1	0.04	0.445724
8uk6_P_11	0.0	0.0		0	196.69	442.1	11.33	2.2476994254918914	0.13	0.32	49	18	8	0.28	0	36	6	7	0	0	0.18	0.27	0.18	0.36	0	0	1	0	0	0	2	0	1	2	0	2	0	0	1	0	0	0	1	1	0.0	0.408965
8uk6_P_12	0.0	0.0		0	173.76	340.58	9.38	1.9600598526703497	0.34	0.79	45	12	12	0.27	0	26	11	6	2	0	0.08	0.31	0.38	0.23	0	3	0	1	2	0	0	1	1	0	0	0	0	0	1	0	2	0	0	2	0.0	0.288108
8uk6_P_13	0.0	0.0		0	152.77	232.59	7.48	1.5224847810433986	0.51	0.65	52	14	4	0.36	0	37	7	8	0	0	0.0	0.09	0.55	0.36	1	0	1	0	1	1	0	2	0	0	0	1	0	1	1	0	0	1	1	0	0.0	0.228695
8uk6_P_14	0.0	0.0		0	150.99	255.65	8.17	1.6931584873170409	0.33	0.83	39	5	8	0.46	0	29	6	3	1	0	0.0	0.4	0.1	0.5	0	3	0	0	0	0	0	0	0	1	1	1	1	0	2	0	0	0	1	0	0.0	0.269303
8uk6_P_15	0.0	0.0		0	149.28	418.7	10.65	2.804796355841372	0.2	0.27	48	16	6	0.51	0	34	6	8	0	0	0.09	0.18	0.18	0.55	1	0	1	1	0	0	0	0	0	0	0	2	0	1	3	0	0	0	1	1	0.01	0.362724
8uk6_P_16	0.0	0.0		0	145.64	299.26	7.51	2.0547926393847846	0.47	0.68	45	8	7	0.57	0	33	7	5	0	0	0.0	0.11	0.56	0.33	0	1	1	0	0	0	0	0	0	0	1	0	0	0	2	0	2	0	2	0	0.03	0.219648
8uk6_P_17	0.0	0.0		0	117.35	253.74	10.3	2.16224968044312	0.14	0.19	51	16	6	0.29	0	37	6	8	0	0	0.0	0.17	0.5	0.33	0	1	0	0	0	0	0	2	0	1	2	1	0	0	0	1	3	0	0	1	0.0	0.29708
8uk6_P_18	0.0	0.0		0	105.28	191.16	10.14	1.8157294832826747	0.14	0.33	49	10	4	0.42	0	36	6	6	1	0	0.09	0.18	0.27	0.45	1	0	1	0	0	0	1	1	1	2	0	1	1	0	0	0	0	0	1	1	0.0	0.297582
8uk6_P_19	0.0	0.0		0	104.22	315.33	8.77	3.0256188831318367	0.3	0.43	35	10	4	0.46	0	28	2	5	0	0	0.0	0.2	0.2	0.6	0	0	0	0	0	0	0	0	0	2	1	2	0	1	1	1	0	0	1	1	0.0	0.261029
8v81_P_0	0.0	0.0		0	1034.3	1014.4	20.92	0.9807599342550516	0.3	0.47	205	64	17	0.28	0	150	23	31	1	0	0.04	0.06	0.24	0.66	5	2	1	1	1	3	1	2	0	6	3	1	3	7	1	2	2	1	1	7	0.6	0.8217
8v81_P_1	0.0	0.0		0	862.71	1179.05	23.56	1.3666817354615106	0.21	0.59	183	53	17	0.46	0	131	25	26	1	0	0.11	0.05	0.32	0.52	0	1	0	3	1	2	2	4	0	3	6	1	2	2	3	4	3	3	0	4	0.59	0.8429459999999999
8v81_P_2	0.0	0.0		0	831.51	892.42	17.19	1.0732522759798442	0.08	0.21	170	62	28	0.21	0	108	33	29	0	0	0.13	0.18	0.44	0.26	2	1	0	3	1	2	2	5	4	1	3	2	0	1	1	6	3	0	0	2	0.47	0.7764260000000001
8v81_P_3	0.0	0.0		0	796.76	889.75	31.12	1.1167101762136653	0.06	0.25	182	56	16	0.22	0	136	18	27	1	0	0.11	0.14	0.32	0.43	2	3	1	1	1	3	4	2	1	3	6	2	0	3	3	3	1	0	3	2	0.45	0.8678600000000001
8v81_P_4	0.0	0.0		0	649.27	856.43	17.29	1.3190660280006776	0.12	0.53	138	44	17	0.33	0	92	22	23	1	0	0.13	0.13	0.3	0.43	1	2	0	0	0	1	4	3	1	3	5	1	1	0	1	2	2	1	1	1	0.4	0.795325
8v81_P_5	0.0	0.0		0	594.68	785.22	14.76	1.3204076141790544	0.16	0.34	128	48	13	0.34	0	88	15	23	2	0	0.07	0.17	0.27	0.5	3	2	0	2	2	1	0	1	0	1	4	3	0	2	1	2	0	2	2	2	0.37	0.7548090000000001
8v81_P_6	0.0	0.0		0	563.71	659.37	20.99	1.1696971847226407	0.06	0.15	104	31	2	0.51	0	79	9	15	1	0	0.09	0.09	0.22	0.61	2	1	2	1	0	0	1	1	0	3	3	1	1	4	0	1	1	1	0	0	0.41	0.83765
8v81_P_7	0.0	0.0		0	439.15	574.43	18.94	1.308049641352613	0.14	0.3	92	30	4	0.32	0	64	10	17	1	0	0.1	0.05	0.2	0.65	1	0	1	0	0	0	2	0	0	5	4	1	1	1	0	2	1	0	0	1	0.24	0.7922939999999999
8v81_P_8	0.0	0.0		0	389.99	527.11	14.03	1.3515987589425371	0.17	0.61	95	36	17	0.24	0	62	15	18	0	0	0.08	0.25	0.33	0.33	1	3	3	2	0	0	0	0	0	1	4	3	1	1	0	5	0	0	0	0	0.17	0.6360319999999999
8v81_P_9	0.0	0.0		0	378.64	588.61	14.55	1.5545372913585465	0.2	0.55	89	19	5	0.65	0	67	9	12	1	0	0.0	0.11	0.32	0.58	2	2	1	0	0	2	0	1	0	0	1	0	2	1	1	0	1	1	1	3	0.32	0.676847
8v81_P_10	0.0	0.0		0	363.05	633.94	19.76	1.7461506679520729	0.07	0.09	89	32	13	0.37	0	65	10	14	0	0	0.05	0.0	0.48	0.48	1	0	2	1	0	2	0	0	0	1	5	0	1	0	1	4	1	0	1	1	0.19	0.782877
8v81_P_11	0.0	0.0		0	358.55	491.77	14.71	1.3715520847859433	0.19	0.27	73	32	19	0.29	0	45	14	13	1	0	0.05	0.16	0.74	0.05	0	1	0	1	1	2	0	4	1	1	0	1	0	0	0	3	2	0	2	0	0.16	0.579486
8v81_P_12	0.0	0.0		0	283.16	360.35	15.47	1.2726020624381975	0.11	0.12	48	12	4	0.59	0	40	3	5	0	0	0.07	0.07	0.2	0.67	0	1	0	1	0	0	0	0	0	3	4	0	1	1	0	1	0	0	2	1	0.2	0.649675
8v81_P_13	0.0	0.0		0	277.48	425.27	17.15	1.5326149632405937	0.13	0.26	107	32	8	0.22	0	75	14	18	0	0	0.05	0.05	0.23	0.68	4	1	0	0	0	1	1	2	0	1	3	0	1	2	0	1	0	0	1	4	0.05	0.694592
8v81_P_14	0.0	0.0		0	267.08	414.82	15.07	1.5531675902351356	0.1	0.19	83	30	10	0.18	0	51	14	18	0	0	0.18	0.24	0.29	0.29	1	3	1	2	0	0	1	0	0	2	2	1	0	0	0	3	1	0	0	0	0.03	0.5959300000000001
8v81_P_15	0.0	0.0		0	258.1	470.57	14.21	1.8232080588919024	0.14	0.28	72	22	6	0.33	0	55	6	10	1	0	0.11	0.17	0.11	0.61	0	1	0	1	1	0	1	1	1	2	5	1	1	2	0	0	0	0	0	1	0.08	0.594188
8v81_P_16	0.0	0.0		0	255.5	232.56	17.26	0.9102152641878668	0.07	0.15	79	11	3	0.07	0	67	7	4	1	0	0.0	0.12	0.12	0.76	0	1	0	0	0	0	0	0	1	3	5	0	1	3	0	0	1	1	1	0	0.0	0.6830229999999999
8v81_P_17	0.0	0.0		0	238.96	477.45	10.05	1.9980331436223635	0.26	0.61	51	16	7	0.34	0	37	7	7	0	0	0.17	0.17	0.17	0.5	0	2	0	0	0	0	2	1	0	1	3	0	0	1	0	0	0	0	1	1	0.06	0.415296
8v81_P_18	0.0	0.0		0	222.65	327.43	13.4	1.4706040871322703	0.14	0.32	58	18	6	0.52	0	46	4	8	0	0	0.0	0.0	0.31	0.69	2	0	0	0	0	1	0	1	0	0	1	0	1	5	0	1	0	0	1	0	0.11	0.542938
8v81_P_19	0.0	0.0		0	209.41	362.76	10.69	1.7322954968721649	0.17	0.25	38	8	4	0.65	0	29	4	5	0	0	0.0	0.0	0.33	0.67	2	0	0	0	0	1	0	0	0	4	1	0	0	0	0	1	1	0	1	1	0.14	0.430814
8v81_P_20	0.0	0.0		0	204.92	310.25	10.89	1.5140054655475308	0.29	0.67	60	13	1	0.36	0	47	4	8	1	0	0.0	0.0	0.07	0.93	2	0	0	0	0	0	0	0	0	4	2	0	1	1	0	0	1	0	0	3	0.03	0.435187
8v81_P_21	0.0	0.0		0	203.27	225.45	15.9	1.1091159541496531	0.06	0.16	88	20	6	0.07	0	67	8	13	0	0	0.0	0.0	0.41	0.59	1	0	0	0	0	1	0	0	0	3	4	0	0	2	2	3	4	1	1	0	0.0	0.610788
8v81_P_22	0.0	0.0		0	193.81	314.86	9.8	1.6245807749858112	0.26	0.38	41	6	0	0.85	0	34	2	5	0	0	0.0	0.0	0.1	0.9	0	0	0	0	0	0	0	1	0	3	1	0	0	2	0	0	0	0	0	3	0.2	0.386469
8v81_P_23	0.0	0.0		0	189.09	279.53	12.29	1.4782907610132738	0.15	0.25	60	20	6	0.3	0	42	9	9	0	0	0.13	0.27	0.27	0.33	0	3	1	2	0	0	0	1	0	2	0	1	0	2	0	1	0	0	1	1	0.0	0.437325
8v81_P_24	0.0	0.0		0	186.96	283.52	10.8	1.516474112109542	0.31	0.47	55	16	7	0.28	0	37	10	8	0	0	0.18	0.36	0.09	0.36	0	1	0	0	0	1	2	0	2	2	2	1	0	0	0	0	0	0	0	0	0.0	0.378147
8v81_P_25	0.0	0.0		0	184.83	312.53	8.77	1.6909051560893793	0.48	0.71	36	10	1	0.68	0	28	3	5	0	0	0.0	0.11	0.11	0.78	1	1	0	0	0	0	0	0	0	2	2	0	0	1	0	1	0	0	0	1	0.12	0.342523
8v81_P_26	0.0	0.0		0	179.87	303.23	11.42	1.685828654027909	0.23	0.27	53	19	7	0.19	0	35	8	9	1	0	0.15	0.23	0.15	0.46	2	3	0	2	0	0	0	0	0	1	1	0	1	0	1	0	1	0	1	0	0.0	0.413129
8v81_P_27	0.0	0.0		0	178.92	218.96	11.42	1.2237871674491394	0.17	0.28	46	4	4	0.56	0	36	7	3	0	0	0.18	0.18	0.18	0.45	0	1	0	1	0	0	1	0	1	1	2	0	0	1	0	1	0	1	1	0	0.07	0.411362
8v81_P_28	0.0	0.0		0	168.05	284.35	7.5	1.6920559357334126	0.29	0.56	39	12	5	0.26	0	29	4	6	0	0	0.22	0.33	0.0	0.44	0	0	0	0	0	0	2	0	0	0	3	3	0	0	0	0	0	1	0	0	0.0	0.25267
8v81_P_29	0.0	0.0		0	152.92	298.63	7.77	1.9528511640073245	0.42	0.48	41	6	0	0.81	0	33	3	5	0	0	0.0	0.0	0.0	1.0	3	0	0	0	0	0	0	0	0	1	2	0	0	1	1	0	0	0	0	2	0.13	0.278412
8v81_P_30	0.0	0.0		0	150.8	276.59	7.57	1.8341511936339518	0.35	0.5	43	15	4	0.27	0	30	5	7	1	0	0.0	0.3	0.3	0.4	0	1	0	0	0	0	0	0	0	0	1	2	1	0	0	1	0	0	2	2	0.0	0.235587
8v81_P_31	0.0	0.0		0	142.76	251.63	7.02	1.7626085738302046	0.27	0.3	31	14	5	0.39	0	21	4	6	0	0	0.11	0.11	0.22	0.56	0	1	1	0	0	0	1	0	0	0	3	0	1	0	1	1	0	0	0	0	0.0	0.230415
8v81_P_32	0.0	0.0		0	137.09	285.89	8.09	2.085418338317893	0.54	0.7	36	14	5	0.5	0	26	4	6	0	0	0.0	0.29	0.43	0.29	0	1	1	0	0	0	0	0	0	0	0	1	0	1	0	1	1	1	0	0	0.0	0.224843
8v81_P_33	0.0	0.0		0	131.65	158.63	9.38	1.2049373338397265	0.41	0.55	57	24	5	0.06	0	36	9	11	1	0	0.06	0.12	0.38	0.44	1	1	0	1	1	1	0	1	1	0	2	0	0	1	3	2	0	0	1	0	0.0	0.289154
8v81_P_34	0.0	0.0		0	130.94	185.58	8.61	1.4172903619978616	0.22	0.3	36	6	1	0.61	0	29	3	4	0	0	0.0	0.12	0.12	0.75	0	0	0	0	0	0	0	0	0	0	2	1	0	2	1	1	0	1	0	0	0.02	0.286745
8v81_P_35	0.0	0.0		0	128.34	216.58	8.13	1.6875486987688952	0.46	0.6	37	18	6	0.25	0	25	4	8	0	0	0.11	0.11	0.44	0.33	0	1	0	1	0	1	0	0	0	0	1	0	1	0	0	1	1	1	1	0	0.0	0.227662
8v81_P_36	0.0	0.0		0	125.98	149.36	10.8	1.1855850134942054	0.14	0.25	54	18	4	0.0	0	39	6	9	0	0	0.0	0.08	0.38	0.54	0	1	0	0	0	0	0	2	0	3	2	0	0	1	1	1	2	0	0	0	0.0	0.349694
8v81_P_37	0.0	0.0		0	112.03	307.18	8.13	2.7419441221101493	0.3	0.65	36	12	8	0.23	0	23	7	5	1	0	0.18	0.18	0.45	0.18	1	1	0	0	1	2	2	1	0	0	1	1	0	0	0	0	1	0	0	0	0.0	0.191793
8v81_P_38	0.0	0.0		0	108.72	229.31	9.68	2.1091795437821927	0.14	0.2	33	8	4	0.2	0	24	4	4	1	0	0.0	0.2	0.3	0.5	1	1	1	0	1	1	0	0	0	0	2	1	0	1	0	0	0	0	0	1	0.0	0.288252
8v81_P_39	0.0	0.0		0	105.18	194.26	6.83	1.8469290739684348	0.53	0.65	20	6	0	0.65	0	16	1	2	1	0	0.0	0.0	0.17	0.83	0	0	0	0	1	0	0	0	0	1	4	0	0	0	0	0	0	0	0	0	0.0	0.21051
8v81_P_40	0.0	0.0		0	104.0	195.07	5.43	1.8756730769230767	0.4	0.66	32	10	1	0.48	0	25	3	4	0	0	0.14	0.14	0.14	0.57	0	0	0	1	0	0	0	0	0	2	1	1	0	0	1	0	0	0	1	0	0.0	0.158082
8v81_P_41	0.0	0.0		0	102.58	154.23	10.14	1.5035094560343143	0.2	0.3	50	7	0	0.3	0	41	4	4	1	0	0.0	0.0	0.1	0.9	0	0	0	0	0	1	0	0	0	2	1	0	1	4	0	0	0	0	0	1	0.0	0.312495
8v81_P_42	0.0	0.0		0	101.16	262.98	6.6	2.599644128113879	0.38	0.46	25	8	7	0.32	0	17	4	4	0	0	0.12	0.25	0.25	0.38	1	0	1	0	0	0	1	0	0	0	0	2	1	0	1	0	0	0	1	0	0.0	0.167966
9dnm_P_0	0.0	0.0		0	2587.9	3691.38	32.09	1.426399783608331	0.5	0.62	572	193	72	0.37	0	387	86	96	3	0	0.12	0.13	0.3	0.44	5	8	4	8	4	3	5	7	1	7	11	5	1	8	7	4	5	0	5	8	0.63	0.807423
9dnm_P_1	0.0	0.0		0	773.03	1231.91	14.74	1.5936121495931594	0.12	0.27	158	60	20	0.33	0	107	22	29	0	0	0.29	0.1	0.23	0.39	2	1	1	3	0	0	6	0	0	2	2	2	0	0	5	1	1	1	4	0	0.48	0.7684529999999999
9dnm_P_2	0.0	0.0		0	583.22	1116.51	12.76	1.9143890813072253	0.11	0.71	113	42	15	0.46	0	75	16	22	0	0	0.13	0.09	0.22	0.57	2	0	0	1	0	2	2	0	0	0	1	2	0	3	6	1	2	0	0	1	0.41	0.721902
9dnm_P_3	0.0	0.0		0	454.05	632.38	24.1	1.3927541019711485	0.06	0.1	116	28	7	0.44	0	89	12	15	0	0	0.1	0.14	0.24	0.52	1	1	1	1	0	0	1	1	0	0	5	2	1	2	1	0	1	1	2	0	0.3	0.8585430000000001
9dnm_P_4	0.0	0.0		0	285.3	632.9	11.95	2.2183666316158432	0.15	0.47	77	28	12	0.44	0	51	13	12	1	0	0.2	0.2	0.33	0.27	1	1	2	0	1	0	3	0	1	1	1	1	0	1	0	1	0	0	1	0	0.14	0.484964
9dnm_P_5	0.0	0.0		0	257.86	518.79	12.86	2.011905685255565	0.3	0.46	76	20	10	0.32	0	52	12	12	0	0	0.06	0.19	0.31	0.44	0	2	1	1	0	0	0	1	0	0	2	1	0	1	0	1	2	0	0	4	0.07	0.530634
9dnm_P_6	0.0	0.0		0	208.57	435.11	8.14	2.0861581243707152	0.23	0.25	46	24	6	0.36	0	29	6	10	1	0	0.09	0.09	0.55	0.27	1	0	2	0	1	1	1	0	1	1	0	0	0	0	0	1	1	0	0	1	0.03	0.277071
9dnm_P_7	0.0	0.0		0	191.86	265.75	13.92	1.3851245699989574	0.08	0.39	83	14	6	0.31	0	62	11	10	0	0	0.05	0.15	0.35	0.45	0	1	1	0	0	1	1	1	1	1	3	1	0	2	1	0	1	0	3	2	0.0	0.5220670000000001
9dnm_P_8	0.0	0.0		0	149.2	401.11	8.95	2.688404825737266	0.28	0.49	45	10	6	0.61	0	33	7	5	0	0	0.1	0.2	0.2	0.5	1	0	0	1	0	1	0	0	1	1	0	1	0	0	1	0	0	0	1	2	0.05	0.296122
9dnm_P_9	0.0	0.0		0	122.62	352.92	8.46	2.8781601696297505	0.16	0.27	36	12	9	0.42	0	25	5	6	0	0	0.0	0.33	0.22	0.44	1	1	0	0	0	0	0	0	0	0	1	2	0	0	1	2	0	0	0	1	0.0	0.249787
9dnm_P_10	0.0	0.0		0	118.44	355.93	9.01	3.005150287065181	0.24	0.43	42	18	14	0.11	0	23	10	9	0	0	0.27	0.36	0.27	0.09	1	3	0	2	1	0	1	0	0	0	0	1	0	0	0	0	1	0	1	0	0.0	0.206964
9dnm_P_11	0.0	0.0		0	113.55	285.89	6.3	2.517745486569793	0.29	0.65	41	24	2	0.24	0	24	6	10	1	0	0.22	0.11	0.22	0.44	1	1	0	1	1	0	1	0	0	1	1	0	0	1	0	0	1	0	0	0	0.0	0.175707
9dnm_P_12	0.0	0.0		0	112.37	283.81	8.06	2.5256741123075552	0.4	0.58	43	11	11	0.33	0	28	8	6	1	0	0.0	0.44	0.11	0.44	1	1	0	0	0	0	0	0	0	1	0	3	1	0	0	1	0	0	0	1	0.0	0.228295
9dnm_P_13	0.0	0.0		0	111.27	135.3	12.68	1.215961175519008	0.13	0.16	77	12	1	0.41	0	57	10	10	0	0	0.0	0.29	0.12	0.59	1	1	0	0	0	0	0	0	0	0	2	4	0	3	0	0	1	0	1	4	0.0	0.414095
